{
    "train": {
        "R_square": -0.17285631197546758,
        "MAE": 3.5023837089538574,
        "MAPE": 1164.1558837890625,
        "RMS": 7.0625
    },
    "valid": {
        "R_square": -0.18294128757703976,
        "MAE": 3.232431411743164,
        "MAPE": 359.5474548339844,
        "RMS": 6.018993377685547
    },
    "test": {
        "R_square": -0.19431218999793365,
        "MAE": 3.5113611221313477,
        "MAPE": 1758.918212890625,
        "RMS": 6.677339553833008
    }
}