{
    "train": {
        "R_square": 0.9437719571047354,
        "MAE": 0.8195255994796753,
        "MAPE": 51.6157341003418,
        "RMS": 1.546366810798645
    },
    "valid": {
        "R_square": 0.8850834727442379,
        "MAE": 1.0381497144699097,
        "MAPE": 60.266639709472656,
        "RMS": 1.8760027885437012
    },
    "test": {
        "R_square": 0.8771236814621277,
        "MAE": 1.1398718357086182,
        "MAPE": 55.263484954833984,
        "RMS": 2.141798496246338
    }
}