{
    "train": {
        "R_square": -0.17177415597499612,
        "MAE": 3.500220775604248,
        "MAPE": 1147.4091796875,
        "RMS": 7.059240818023682
    },
    "valid": {
        "R_square": -0.18178128619093292,
        "MAE": 3.2325077056884766,
        "MAPE": 361.3006896972656,
        "RMS": 6.016041278839111
    },
    "test": {
        "R_square": -0.19306504205985098,
        "MAE": 3.508455276489258,
        "MAPE": 1710.8331298828125,
        "RMS": 6.67385196685791
    }
}