{
    "train": {
        "R_square": 0.9442064469587155,
        "MAE": 0.8274847269058228,
        "MAPE": 48.829200744628906,
        "RMS": 1.540380597114563
    },
    "valid": {
        "R_square": 0.8846086501516777,
        "MAE": 1.0603642463684082,
        "MAPE": 60.60479736328125,
        "RMS": 1.879874587059021
    },
    "test": {
        "R_square": 0.876631056424114,
        "MAE": 1.15590238571167,
        "MAPE": 52.39159393310547,
        "RMS": 2.146087646484375
    }
}