{
    "train": {
        "R_square": 0.8916146597412962,
        "MAE": 1.1529886722564697,
        "MAPE": 130.12625122070312,
        "RMS": 2.0980379581451416
    },
    "valid": {
        "R_square": 0.8037752486441193,
        "MAE": 1.3401408195495605,
        "MAPE": 245.90682983398438,
        "RMS": 2.668511152267456
    },
    "test": {
        "R_square": 0.8823628130650986,
        "MAE": 1.1972615718841553,
        "MAPE": 228.365234375,
        "RMS": 2.0956406593322754
    }
}