{
    "train": {
        "R_square": 0.897795782816168,
        "MAE": 1.1167776584625244,
        "MAPE": 120.96444702148438,
        "RMS": 2.03733491897583
    },
    "valid": {
        "R_square": 0.8097565130370306,
        "MAE": 1.2927660942077637,
        "MAPE": 241.1968231201172,
        "RMS": 2.627525568008423
    },
    "test": {
        "R_square": 0.8830022097061687,
        "MAE": 1.1462373733520508,
        "MAPE": 204.17129516601562,
        "RMS": 2.089937686920166
    }
}