{
    "train": {
        "R_square": -0.17174555584501738,
        "MAE": 3.5002121925354004,
        "MAPE": 1147.583740234375,
        "RMS": 7.059154510498047
    },
    "valid": {
        "R_square": -0.18174845113816973,
        "MAE": 3.2325100898742676,
        "MAPE": 361.3556213378906,
        "RMS": 6.015957355499268
    },
    "test": {
        "R_square": -0.1930325811833904,
        "MAE": 3.508429765701294,
        "MAPE": 1711.092529296875,
        "RMS": 6.673761367797852
    }
}