{
    "train": {
        "R_square": -0.17174692801356617,
        "MAE": 3.500220537185669,
        "MAPE": 1147.5908203125,
        "RMS": 7.059158802032471
    },
    "valid": {
        "R_square": -0.18174827932910564,
        "MAE": 3.2325141429901123,
        "MAPE": 361.3583679199219,
        "RMS": 6.015957355499268
    },
    "test": {
        "R_square": -0.1930342353402239,
        "MAE": 3.5084421634674072,
        "MAPE": 1711.104736328125,
        "RMS": 6.673765659332275
    }
}