{
    "train": {
        "R_square": -0.1717557764593609,
        "MAE": 3.500220537185669,
        "MAPE": 1147.53173828125,
        "RMS": 7.05918550491333
    },
    "valid": {
        "R_square": -0.18175900568635472,
        "MAE": 3.2325117588043213,
        "MAPE": 361.3396301269531,
        "RMS": 6.015984535217285
    },
    "test": {
        "R_square": -0.1930442449154144,
        "MAE": 3.508446455001831,
        "MAPE": 1711.015380859375,
        "RMS": 6.673793792724609
    }
}