{
    "train": {
        "R_square": 0.9054151988171666,
        "MAE": 0.9164440631866455,
        "MAPE": 58.78990173339844,
        "RMS": 1.8056752681732178
    },
    "valid": {
        "R_square": 0.9155616057929957,
        "MAE": 1.1446881294250488,
        "MAPE": 57.47121047973633,
        "RMS": 2.150716781616211
    },
    "test": {
        "R_square": 0.8669512141601613,
        "MAE": 1.1677461862564087,
        "MAPE": 71.67447662353516,
        "RMS": 2.228691577911377
    }
}