{
    "train": {
        "R_square": -0.1717590643817195,
        "MAE": 3.500220537185669,
        "MAPE": 1147.5098876953125,
        "RMS": 7.059195041656494
    },
    "valid": {
        "R_square": -0.18176299141687702,
        "MAE": 3.232511281967163,
        "MAPE": 361.3326416015625,
        "RMS": 6.015994548797607
    },
    "test": {
        "R_square": -0.19304796528296042,
        "MAE": 3.5084476470947266,
        "MAPE": 1710.982666015625,
        "RMS": 6.673803806304932
    }
}