{
    "train": {
        "R_square": -0.17175742807297367,
        "MAE": 3.500220537185669,
        "MAPE": 1147.520751953125,
        "RMS": 7.059189796447754
    },
    "valid": {
        "R_square": -0.1817610079913008,
        "MAE": 3.232511520385742,
        "MAPE": 361.33612060546875,
        "RMS": 6.015989780426025
    },
    "test": {
        "R_square": -0.19304611401133553,
        "MAE": 3.5084471702575684,
        "MAPE": 1710.9989013671875,
        "RMS": 6.673798561096191
    }
}