{
    "train": {
        "R_square": 0.9121519847175417,
        "MAE": 0.999341607093811,
        "MAPE": 131.45765686035156,
        "RMS": 1.8895537853240967
    },
    "valid": {
        "R_square": 0.8078089042350373,
        "MAE": 1.3864763975143433,
        "MAPE": 122.49980163574219,
        "RMS": 2.6382367610931396
    },
    "test": {
        "R_square": 0.8905129190613557,
        "MAE": 1.1622614860534668,
        "MAPE": 177.80197143554688,
        "RMS": 2.021742820739746
    }
}