{
    "train": {
        "R_square": -0.17175020069983304,
        "MAE": 3.500220537185669,
        "MAPE": 1147.5689697265625,
        "RMS": 7.059168338775635
    },
    "valid": {
        "R_square": -0.18175224657503986,
        "MAE": 3.232513427734375,
        "MAPE": 361.35137939453125,
        "RMS": 6.01596736907959
    },
    "test": {
        "R_square": -0.1930379358026295,
        "MAE": 3.508443832397461,
        "MAPE": 1711.0704345703125,
        "RMS": 6.673776149749756
    }
}