{
    "train": {
        "R_square": 0.8994688107438746,
        "MAE": 1.0931715965270996,
        "MAPE": 95.89644622802734,
        "RMS": 2.0205912590026855
    },
    "valid": {
        "R_square": 0.8167311041356726,
        "MAE": 1.2580116987228394,
        "MAPE": 166.86256408691406,
        "RMS": 2.578911542892456
    },
    "test": {
        "R_square": 0.884238018093821,
        "MAE": 1.1062369346618652,
        "MAPE": 137.70481872558594,
        "RMS": 2.0788707733154297
    }
}