{
    "train": {
        "R_square": 0.8984655161770825,
        "MAE": 1.1050622463226318,
        "MAPE": 103.41050720214844,
        "RMS": 2.030648946762085
    },
    "valid": {
        "R_square": 0.8108339397077057,
        "MAE": 1.2765028476715088,
        "MAPE": 185.29925537109375,
        "RMS": 2.62007474899292
    },
    "test": {
        "R_square": 0.888551142408957,
        "MAE": 1.100525140762329,
        "MAPE": 164.84181213378906,
        "RMS": 2.0397753715515137
    }
}