{
    "train": {
        "R_square": -0.17176464028512095,
        "MAE": 3.500220775604248,
        "MAPE": 1147.4725341796875,
        "RMS": 7.0592122077941895
    },
    "valid": {
        "R_square": -0.18176975072798052,
        "MAE": 3.2325100898742676,
        "MAPE": 361.32080078125,
        "RMS": 6.016011714935303
    },
    "test": {
        "R_square": -0.19305427455963975,
        "MAE": 3.508450508117676,
        "MAPE": 1710.92724609375,
        "RMS": 6.673821926116943
    }
}