{
    "train": {
        "R_square": -0.17177021627902822,
        "MAE": 3.500220537185669,
        "MAPE": 1147.4354248046875,
        "RMS": 7.059228897094727
    },
    "valid": {
        "R_square": -0.1817765101647617,
        "MAE": 3.232508659362793,
        "MAPE": 361.3089904785156,
        "RMS": 6.016028881072998
    },
    "test": {
        "R_square": -0.1930605839394186,
        "MAE": 3.508452892303467,
        "MAPE": 1710.8720703125,
        "RMS": 6.673839092254639
    }
}