{
    "train": {
        "R_square": -0.17175348856882278,
        "MAE": 3.500220537185669,
        "MAPE": 1147.5469970703125,
        "RMS": 7.059178352355957
    },
    "valid": {
        "R_square": -0.18175623223145299,
        "MAE": 3.2325124740600586,
        "MAPE": 361.34442138671875,
        "RMS": 6.015977382659912
    },
    "test": {
        "R_square": -0.19304165877375068,
        "MAE": 3.5084450244903564,
        "MAPE": 1711.039794921875,
        "RMS": 6.673786163330078
    }
}