{
    "train": {
        "R_square": 0.9050968395561686,
        "MAE": 1.0394362211227417,
        "MAPE": 105.94452667236328,
        "RMS": 1.9632173776626587
    },
    "valid": {
        "R_square": 0.8096495022846287,
        "MAE": 1.295947790145874,
        "MAPE": 184.39512634277344,
        "RMS": 2.6282646656036377
    },
    "test": {
        "R_square": 0.8744098908660967,
        "MAE": 1.2028915882110596,
        "MAPE": 157.7439727783203,
        "RMS": 2.165320634841919
    }
}