{
    "train": {
        "R_square": -0.17175807951688182,
        "MAE": 3.50022029876709,
        "MAPE": 1147.516357421875,
        "RMS": 7.059192180633545
    },
    "valid": {
        "R_square": -0.18176179752987798,
        "MAE": 3.232511520385742,
        "MAPE": 361.334716796875,
        "RMS": 6.015991687774658
    },
    "test": {
        "R_square": -0.19304685088339069,
        "MAE": 3.5084474086761475,
        "MAPE": 1710.992431640625,
        "RMS": 6.673800945281982
    }
}