{
    "train": {
        "R_square": -0.17173938277237855,
        "MAE": 3.500220537185669,
        "MAPE": 1147.6412353515625,
        "RMS": 7.059135913848877
    },
    "valid": {
        "R_square": -0.18173913278819342,
        "MAE": 3.232515811920166,
        "MAPE": 361.3743591308594,
        "RMS": 6.015933990478516
    },
    "test": {
        "R_square": -0.1930256950463547,
        "MAE": 3.5084388256073,
        "MAPE": 1711.1778564453125,
        "RMS": 6.673742294311523
    }
}