{
    "train": {
        "R_square": -0.1728069413630573,
        "MAE": 3.502260684967041,
        "MAPE": 1162.9315185546875,
        "RMS": 7.062351226806641
    },
    "valid": {
        "R_square": -0.18288756179741217,
        "MAE": 3.2324042320251465,
        "MAPE": 359.57281494140625,
        "RMS": 6.018856525421143
    },
    "test": {
        "R_square": -0.19425226045136013,
        "MAE": 3.5111677646636963,
        "MAPE": 1753.3623046875,
        "RMS": 6.6771721839904785
    }
}