{
    "train": {
        "R_square": -0.17176562516876825,
        "MAE": 3.500220775604248,
        "MAPE": 1147.4659423828125,
        "RMS": 7.059215068817139
    },
    "valid": {
        "R_square": -0.1817709446410991,
        "MAE": 3.2325098514556885,
        "MAPE": 361.3187255859375,
        "RMS": 6.016014575958252
    },
    "test": {
        "R_square": -0.19305538898063657,
        "MAE": 3.508450984954834,
        "MAPE": 1710.917724609375,
        "RMS": 6.673824787139893
    }
}