{
    "train": {
        "R_square": 0.8962717139159606,
        "MAE": 1.121543526649475,
        "MAPE": 121.36302185058594,
        "RMS": 2.052469253540039
    },
    "valid": {
        "R_square": 0.8020569373621189,
        "MAE": 1.3684905767440796,
        "MAPE": 214.79754638671875,
        "RMS": 2.6801693439483643
    },
    "test": {
        "R_square": 0.8854488901884546,
        "MAE": 1.1578127145767212,
        "MAPE": 184.26869201660156,
        "RMS": 2.067969560623169
    }
}