{
    "train": {
        "R_square": -0.1717492158604086,
        "MAE": 3.500220775604248,
        "MAPE": 1147.5755615234375,
        "RMS": 7.059165954589844
    },
    "valid": {
        "R_square": -0.18175105272332903,
        "MAE": 3.232513666152954,
        "MAPE": 361.3534851074219,
        "RMS": 6.015964031219482
    },
    "test": {
        "R_square": -0.19303682143200862,
        "MAE": 3.5084433555603027,
        "MAPE": 1711.0802001953125,
        "RMS": 6.673772811889648
    }
}