{
    "train": {
        "R_square": -0.17275022512457094,
        "MAE": 3.5022833347320557,
        "MAPE": 1166.2381591796875,
        "RMS": 7.062180042266846
    },
    "valid": {
        "R_square": -0.18281509832268106,
        "MAE": 3.2324042320251465,
        "MAPE": 359.6762390136719,
        "RMS": 6.018671989440918
    },
    "test": {
        "R_square": -0.1942123077244573,
        "MAE": 3.5114736557006836,
        "MAPE": 1777.978759765625,
        "RMS": 6.677059650421143
    }
}