{
    "train": {
        "R_square": -0.17175153410591393,
        "MAE": 3.500220775604248,
        "MAPE": 1147.56005859375,
        "RMS": 7.059172630310059
    },
    "valid": {
        "R_square": -0.1817538631342912,
        "MAE": 3.232512950897217,
        "MAPE": 361.34857177734375,
        "RMS": 6.015971660614014
    },
    "test": {
        "R_square": -0.19303944483850488,
        "MAE": 3.50844407081604,
        "MAPE": 1711.0574951171875,
        "RMS": 6.6737799644470215
    }
}