{
    "train": {
        "R_square": -0.17176103420037103,
        "MAE": 3.500220537185669,
        "MAPE": 1147.4967041015625,
        "RMS": 7.059201240539551
    },
    "valid": {
        "R_square": -0.1817653794640619,
        "MAE": 3.232510805130005,
        "MAPE": 361.3284912109375,
        "RMS": 6.016000747680664
    },
    "test": {
        "R_square": -0.1930501944360925,
        "MAE": 3.508448839187622,
        "MAPE": 1710.9630126953125,
        "RMS": 6.673810005187988
    }
}