{
    "train": {
        "R_square": 0.9430069155305163,
        "MAE": 0.8234554529190063,
        "MAPE": 52.65050506591797,
        "RMS": 1.5568512678146362
    },
    "valid": {
        "R_square": 0.8843078875618142,
        "MAE": 1.02944815158844,
        "MAPE": 58.010250091552734,
        "RMS": 1.8823227882385254
    },
    "test": {
        "R_square": 0.8740945525206875,
        "MAE": 1.1362521648406982,
        "MAPE": 56.612937927246094,
        "RMS": 2.1680374145507812
    }
}