{
    "train": {
        "R_square": 0.943088662259937,
        "MAE": 0.7980437278747559,
        "MAPE": 43.319488525390625,
        "RMS": 1.5557342767715454
    },
    "valid": {
        "R_square": 0.885050921403058,
        "MAE": 1.0118972063064575,
        "MAPE": 55.643009185791016,
        "RMS": 1.8762686252593994
    },
    "test": {
        "R_square": 0.8672090636257093,
        "MAE": 1.1792168617248535,
        "MAPE": 46.83392333984375,
        "RMS": 2.2265307903289795
    }
}