{
    "train": {
        "R_square": -0.17282598863989596,
        "MAE": 3.5015907287597656,
        "MAPE": 1155.522216796875,
        "RMS": 7.062408447265625
    },
    "valid": {
        "R_square": -0.18296549672411966,
        "MAE": 3.2324349880218506,
        "MAPE": 359.50823974609375,
        "RMS": 6.019054889678955
    },
    "test": {
        "R_square": -0.19426708499267775,
        "MAE": 3.510436534881592,
        "MAPE": 1736.27783203125,
        "RMS": 6.677213191986084
    }
}