{
    "train": {
        "R_square": -0.17175644321282846,
        "MAE": 3.500220775604248,
        "MAPE": 1147.5272216796875,
        "RMS": 7.059186935424805
    },
    "valid": {
        "R_square": -0.18175981411081987,
        "MAE": 3.2325119972229004,
        "MAPE": 361.33819580078125,
        "RMS": 6.015986919403076
    },
    "test": {
        "R_square": -0.19304499961711352,
        "MAE": 3.50844669342041,
        "MAPE": 1711.0086669921875,
        "RMS": 6.673795700073242
    }
}