{
    "train": {
        "R_square": 0.8962960423808111,
        "MAE": 1.0386639833450317,
        "MAPE": 97.85490417480469,
        "RMS": 2.0522284507751465
    },
    "valid": {
        "R_square": 0.8006539741406481,
        "MAE": 1.2409831285476685,
        "MAPE": 176.59918212890625,
        "RMS": 2.689650535583496
    },
    "test": {
        "R_square": 0.8639716659409369,
        "MAE": 1.2863001823425293,
        "MAPE": 155.39328002929688,
        "RMS": 2.2535085678100586
    }
}