{
    "train": {
        "R_square": 0.9438220302624647,
        "MAE": 0.8187174797058105,
        "MAPE": 67.95118713378906,
        "RMS": 1.5456781387329102
    },
    "valid": {
        "R_square": 0.8864657180047398,
        "MAE": 1.0456857681274414,
        "MAPE": 63.923370361328125,
        "RMS": 1.864686131477356
    },
    "test": {
        "R_square": 0.8805496306846262,
        "MAE": 1.1456761360168457,
        "MAPE": 72.91698455810547,
        "RMS": 2.111729145050049
    }
}