{
    "train": {
        "R_square": -0.17175973114156529,
        "MAE": 3.500220775604248,
        "MAPE": 1147.50537109375,
        "RMS": 7.059196949005127
    },
    "valid": {
        "R_square": -0.18176379985019175,
        "MAE": 3.232511281967163,
        "MAPE": 361.33123779296875,
        "RMS": 6.015996932983398
    },
    "test": {
        "R_square": -0.19304871999191864,
        "MAE": 3.5084481239318848,
        "MAPE": 1710.97607421875,
        "RMS": 6.673806667327881
    }
}