{
    "train": {
        "R_square": 0.9096284269863727,
        "MAE": 1.037171721458435,
        "MAPE": 119.09786224365234,
        "RMS": 1.9157726764678955
    },
    "valid": {
        "R_square": 0.8265060326198016,
        "MAE": 1.159067988395691,
        "MAPE": 268.6247253417969,
        "RMS": 2.5091941356658936
    },
    "test": {
        "R_square": 0.8940235987353672,
        "MAE": 0.9800562858581543,
        "MAPE": 232.73252868652344,
        "RMS": 1.9890655279159546
    }
}