{
    "train": {
        "R_square": -0.1727905705472148,
        "MAE": 3.501582384109497,
        "MAPE": 1157.0419921875,
        "RMS": 7.0623016357421875
    },
    "valid": {
        "R_square": -0.18291907224637227,
        "MAE": 3.2323966026306152,
        "MAPE": 359.5102233886719,
        "RMS": 6.018936634063721
    },
    "test": {
        "R_square": -0.1942400344878421,
        "MAE": 3.5105814933776855,
        "MAPE": 1749.0377197265625,
        "RMS": 6.6771368980407715
    }
}