{
    "train": {
        "R_square": 0.9452892333713653,
        "MAE": 0.79865562915802,
        "MAPE": 51.67072296142578,
        "RMS": 1.525360345840454
    },
    "valid": {
        "R_square": 0.8829929528382725,
        "MAE": 1.0412871837615967,
        "MAPE": 59.629295349121094,
        "RMS": 1.8929897546768188
    },
    "test": {
        "R_square": 0.8669223145310259,
        "MAE": 1.1899900436401367,
        "MAPE": 55.9389762878418,
        "RMS": 2.228933572769165
    }
}