{
    "train": {
        "R_square": -0.1717620190736786,
        "MAE": 3.500220537185669,
        "MAPE": 1147.489990234375,
        "RMS": 7.0592041015625
    },
    "valid": {
        "R_square": -0.1817665733628202,
        "MAE": 3.232510805130005,
        "MAPE": 361.3263854980469,
        "RMS": 6.016003131866455
    },
    "test": {
        "R_square": -0.19305130884530852,
        "MAE": 3.5084493160247803,
        "MAPE": 1710.953369140625,
        "RMS": 6.673813343048096
    }
}