{
    "train": {
        "R_square": 0.9039650205064738,
        "MAE": 1.0593383312225342,
        "MAPE": 109.56503295898438,
        "RMS": 1.9748895168304443
    },
    "valid": {
        "R_square": 0.8123814998749184,
        "MAE": 1.2983685731887817,
        "MAPE": 208.13693237304688,
        "RMS": 2.609335422515869
    },
    "test": {
        "R_square": 0.8721317728042671,
        "MAE": 1.2251356840133667,
        "MAPE": 177.819091796875,
        "RMS": 2.184871196746826
    }
}