{
    "train": {
        "R_square": 0.9209450960732426,
        "MAE": 0.9515180587768555,
        "MAPE": 122.16279602050781,
        "RMS": 1.7924940586090088
    },
    "valid": {
        "R_square": 0.8211205473480655,
        "MAE": 1.3800270557403564,
        "MAPE": 105.9377670288086,
        "RMS": 2.545232057571411
    },
    "test": {
        "R_square": 0.8880549879275812,
        "MAE": 1.1669905185699463,
        "MAPE": 140.14764404296875,
        "RMS": 2.0443105697631836
    }
}