{
    "train": {
        "R_square": 0.928740450609095,
        "MAE": 0.898104727268219,
        "MAPE": 170.684326171875,
        "RMS": 1.7018249034881592
    },
    "valid": {
        "R_square": 0.8248595762047505,
        "MAE": 1.3426871299743652,
        "MAPE": 173.27377319335938,
        "RMS": 2.51849102973938
    },
    "test": {
        "R_square": 0.9035092851737224,
        "MAE": 1.0669194459915161,
        "MAPE": 249.30088806152344,
        "RMS": 1.8979610204696655
    }
}