{
    "train": {
        "R_square": 0.9424611150237245,
        "MAE": 0.8221936821937561,
        "MAPE": 51.891231536865234,
        "RMS": 1.5642881393432617
    },
    "valid": {
        "R_square": 0.8899235873233807,
        "MAE": 1.0187015533447266,
        "MAPE": 57.694488525390625,
        "RMS": 1.8360706567764282
    },
    "test": {
        "R_square": 0.8789426869610912,
        "MAE": 1.1354016065597534,
        "MAPE": 55.94731521606445,
        "RMS": 2.1258862018585205
    }
}