{
    "train": {
        "R_square": -0.17268123487040055,
        "MAE": 3.501661777496338,
        "MAPE": 1157.130859375,
        "RMS": 7.061972141265869
    },
    "valid": {
        "R_square": -0.1827814953733884,
        "MAE": 3.2324278354644775,
        "MAPE": 359.7628479003906,
        "RMS": 6.018586158752441
    },
    "test": {
        "R_square": -0.19410583378356505,
        "MAE": 3.5104691982269287,
        "MAPE": 1740.361572265625,
        "RMS": 6.676762104034424
    }
}