{
    "train": {
        "R_square": -0.17175447350100992,
        "MAE": 3.500220537185669,
        "MAPE": 1147.5404052734375,
        "RMS": 7.059181213378906
    },
    "valid": {
        "R_square": -0.1817574263616213,
        "MAE": 3.2325124740600586,
        "MAPE": 361.34234619140625,
        "RMS": 6.015980243682861
    },
    "test": {
        "R_square": -0.19304277083831844,
        "MAE": 3.5084457397460938,
        "MAPE": 1711.0279541015625,
        "RMS": 6.6737895011901855
    }
}