{
    "train": {
        "R_square": 0.9082528783963165,
        "MAE": 0.9624589085578918,
        "MAPE": 146.8914794921875,
        "RMS": 1.9310322999954224
    },
    "valid": {
        "R_square": 0.8194564956078453,
        "MAE": 1.3965522050857544,
        "MAPE": 127.01350402832031,
        "RMS": 2.5570435523986816
    },
    "test": {
        "R_square": 0.9025977378537182,
        "MAE": 1.0805732011795044,
        "MAPE": 186.9810791015625,
        "RMS": 1.9069048166275024
    }
}