{
    "train": {
        "R_square": -0.17176857991715022,
        "MAE": 3.500220775604248,
        "MAPE": 1147.4462890625,
        "RMS": 7.0592241287231445
    },
    "valid": {
        "R_square": -0.1817745266653772,
        "MAE": 3.232509136199951,
        "MAPE": 361.3124694824219,
        "RMS": 6.016023635864258
    },
    "test": {
        "R_square": -0.19305873260724637,
        "MAE": 3.5084521770477295,
        "MAPE": 1710.8883056640625,
        "RMS": 6.673834323883057
    }
}