{
    "train": {
        "R_square": 0.9215557597479392,
        "MAE": 0.7779812812805176,
        "MAPE": 88.28872680664062,
        "RMS": 1.6444077491760254
    },
    "valid": {
        "R_square": 0.9315931052250994,
        "MAE": 1.174515724182129,
        "MAPE": 101.94258880615234,
        "RMS": 1.9358121156692505
    },
    "test": {
        "R_square": 0.911503954564492,
        "MAE": 1.0342581272125244,
        "MAPE": 154.60305786132812,
        "RMS": 1.8176339864730835
    }
}