{
    "train": {
        "R_square": -0.17174660991791657,
        "MAE": 3.500220537185669,
        "MAPE": 1147.5928955078125,
        "RMS": 7.059157848358154
    },
    "valid": {
        "R_square": -0.1817478938884245,
        "MAE": 3.2325143814086914,
        "MAPE": 361.3590087890625,
        "RMS": 6.015956878662109
    },
    "test": {
        "R_square": -0.19303387299580743,
        "MAE": 3.508441925048828,
        "MAPE": 1711.1060791015625,
        "RMS": 6.673765182495117
    }
}