{
    "train": {
        "R_square": 0.9421974907553328,
        "MAE": 0.815227746963501,
        "MAPE": 45.55072784423828,
        "RMS": 1.567867636680603
    },
    "valid": {
        "R_square": 0.8852198360449084,
        "MAE": 1.0438966751098633,
        "MAPE": 57.59593200683594,
        "RMS": 1.8748894929885864
    },
    "test": {
        "R_square": 0.8699342340721774,
        "MAE": 1.1658092737197876,
        "MAPE": 49.97199630737305,
        "RMS": 2.203565835952759
    }
}