{
    "train": {
        "R_square": 0.9025747038000401,
        "MAE": 1.0807220935821533,
        "MAPE": 110.28758239746094,
        "RMS": 1.9891334772109985
    },
    "valid": {
        "R_square": 0.8253191495213714,
        "MAE": 1.2801278829574585,
        "MAPE": 191.5476837158203,
        "RMS": 2.5177624225616455
    },
    "test": {
        "R_square": 0.8891639813454884,
        "MAE": 1.1268702745437622,
        "MAPE": 163.25482177734375,
        "RMS": 2.0341594219207764
    }
}