{
    "train": {
        "R_square": 0.898417420450635,
        "MAE": 1.1159791946411133,
        "MAPE": 119.85848236083984,
        "RMS": 2.0311295986175537
    },
    "valid": {
        "R_square": 0.8344490680434713,
        "MAE": 1.2480500936508179,
        "MAPE": 234.33065795898438,
        "RMS": 2.451082229614258
    },
    "test": {
        "R_square": 0.8898933318922859,
        "MAE": 1.1159589290618896,
        "MAPE": 200.42759704589844,
        "RMS": 2.0274553298950195
    }
}