data_type,tag,rct_id,lig_id,y_pred,y_true,lig_inputs,inputs_E1,inputs_E1_Weighted,inputs_E2,inputs_E2_Weighted
train,1_4,1,4,1.0989175,4.21,"[-0.29998866, -0.2948416, -0.2948416, -0.2866275, -0.20559366, -0.20559366, 0.0, -0.20559366, -0.20559366, 0.0, -0.10937761, -0.10937761, 0.0, -0.20185901, -0.20185901, 0.0, -0.20185901, -0.20185901, 0.0, 0.0, 0.0, 0.0, -0.20146465, 0.0, 0.0, -0.20146465, 0.0, 0.0, 0.0, 0.0, 0.0]",0.8909049,13.109742256628124,0.46126276,6.69735032776174
train,1_5,1,5,1.4776951,6.111,"[-0.2991999, -0.2948416, -0.2866275, -0.2866275, -0.20559366, -0.20559366, 0.0, -0.10937761, -0.10937761, 0.0, -0.10937761, -0.10937761, 0.0, -0.20185901, -0.20185901, 0.0, 0.0, 0.0, 0.0, 0.0, 0.0, 0.0, -0.20146465, 0.0, 0.0, 0.0, 0.0, 0.0, 0.0, 0.0, 0.0]",0.8761091,12.892021079062033,0.46195722,6.707433517218988
train,1_7,1,7,1.5239859,8.491,"[-0.29959428, -0.29034016, -0.29034016, -0.29034016, -0.2007198, -0.10977198, 0.0, -0.2007198, -0.10977198, 0.0, -0.2007198, -0.10977198, 0.0, -0.10566491, 0.0, 0.0, -0.10566491, 0.0, 0.0, -0.10566491, 0.0, 0.0, 0.0, 0.0, 0.0, 0.0, 0.0, 0.0, 0.0, 0.0, 0.0]",0.8743887,12.86670482624504,0.46221143,6.7111245997900255
train,1_8,1,8,12.66619,10.05,"[-0.3033948, -0.38002032, -0.295236, -0.295236, -0.21231815, -0.21231815, -0.21231815, -0.20559366, -0.20559366, 0.0, -0.20559366, -0.20559366, 0.0, -0.29226813, -0.29226813, -0.29226813, -0.20185901, -0.20185901, 0.0, -0.20185901, 0.0, -0.20185901, -0.20893396, -0.20893396, -0.20893396, -0.20146465, 0.0, 0.0, -0.20146465, 0.0, 0.0]",0.85989517,12.653431359253887,0.37464735,5.439729260966061
train,1_10,1,10,21.900665,21.83,"[-0.30063418, -0.36763325, -0.28702182, -0.28702182, -0.112345494, -0.112345494, -0.112345494, -0.10937761, -0.10937761, 0.0, -0.10937761, -0.10937761, 0.0, 0.0, 0.0, 0.0, 0.0, 0.0, 0.0, 0.0, 0.0, 0.0, 0.0, 0.0, 0.0, 0.0, 0.0, 0.0, 0.0, 0.0, 0.0]",0.7869954,11.58070514011979,0.42208767,6.128543685620571
train,1_11,1,11,23.674395,20.18,"[-0.3022556, -0.38002032, -0.38002032, -0.20229729, -0.21231815, -0.21231815, -0.21231815, -0.21231815, -0.21231815, -0.21231815, -0.10566491, 0.0, 0.0, -0.29226813, -0.29226813, -0.29226813, -0.29226813, -0.29226813, -0.29226813, 0.0, 0.0, 0.0, -0.20893396, -0.20893396, -0.20893396, -0.20893396, -0.20893396, -0.20893396, 0.0, 0.0, 0.0]",0.8304472,12.220101907843855,0.3742903,5.43454486937361
train,1_14,1,14,35.272926,30.57,"[-0.30508035, -0.36842197, -0.36842197, -0.36842197, -0.112345494, -0.112345494, -0.112345494, -0.112345494, -0.112345494, -0.112345494, -0.112345494, -0.112345494, -0.112345494, 0.0, 0.0, 0.0, 0.0, 0.0, 0.0, 0.0, 0.0, 0.0, 0.0, 0.0, 0.0, 0.0, 0.0, 0.0, 0.0, 0.0, 0.0]",0.81091946,11.932749632893888,0.37482798,5.442351963365013
train,1_16,1,16,42.555145,34.96,"[-0.30324775, -0.38002032, -0.38002032, -0.2154287, -0.21231815, -0.21231815, -0.21231815, -0.21231815, -0.21231815, -0.21231815, -0.38735828, 0.0, 0.0, -0.29226813, -0.29226813, -0.29226813, -0.29226813, -0.29226813, -0.29226813, -0.3057205, -0.3057205, 0.0, -0.20893396, -0.20893396, -0.20893396, -0.20893396, -0.20893396, -0.20893396, -0.3025723, -0.3025723, -0.30217797]",0.8468987,12.462186821231398,0.3293016,4.781327106564504
train,1_17,1,17,48.306908,46.36,"[-0.30744654, -0.38080904, -0.38080904, -0.36842197, -0.21231815, -0.21231815, -0.21231815, -0.21231815, -0.21231815, -0.21231815, -0.112345494, -0.112345494, -0.112345494, -0.29226813, -0.29226813, -0.29226813, -0.29226813, -0.29226813, -0.29226813, 0.0, 0.0, 0.0, -0.20893396, -0.20893396, -0.20893396, -0.20893396, -0.20893396, -0.20893396, 0.0, 0.0, 0.0]",0.8405932,12.36940149165116,0.3295704,4.785230220842436
train,2_2,2,2,1.548883,0.79,"[-0.2980129, -0.2944472, -0.2944472, -0.21463995, -0.20559366, -0.20559366, 0.0, -0.20559366, -0.20559366, 0.0, -0.38735828, 0.0, 0.0, -0.20185901, -0.20185901, 0.0, -0.20185901, -0.20185901, 0.0, -0.3057205, -0.3057205, 0.0, -0.20146465, 0.0, 0.0, -0.20146465, 0.0, 0.0, -0.3025723, -0.3025723, -0.30217797]",0.90740967,13.352611286216415,0.42796332,6.213855724683924
train,2_3,2,3,1.136646,2.247,"[-0.30077738, -0.2948416, -0.2948416, -0.2948416, -0.20559366, -0.20559366, 0.0, -0.20559366, -0.20559366, 0.0, -0.20559366, -0.20559366, 0.0, -0.20185901, -0.20185901, 0.0, -0.20185901, -0.20185901, 0.0, -0.20185901, 0.0, -0.20185901, -0.20146465, 0.0, 0.0, -0.20146465, 0.0, 0.0, -0.20146465, 0.0, 0.0]",0.90319216,13.290550330810902,0.44718012,6.492876036706008
train,2_5,2,5,1.0855038,3.401,"[-0.2991999, -0.2948416, -0.2866275, -0.2866275, -0.20559366, -0.20559366, 0.0, -0.10937761, -0.10937761, 0.0, -0.10937761, -0.10937761, 0.0, -0.20185901, -0.20185901, 0.0, 0.0, 0.0, 0.0, 0.0, 0.0, 0.0, -0.20146465, 0.0, 0.0, 0.0, 0.0, 0.0, 0.0, 0.0, 0.0]",0.8908049,13.108270503848644,0.46195722,6.707433517218988
train,2_6,2,6,5.260582,3.667,"[-0.29841116, -0.2866275, -0.2866275, -0.2866275, -0.10937761, -0.10937761, 0.0, -0.10937761, -0.10937761, 0.0, -0.10937761, -0.10937761, 0.0, 0.0, 0.0, 0.0, 0.0, 0.0, 0.0, 0.0, 0.0, 0.0, 0.0, 0.0, 0.0, 0.0, 0.0, 0.0, 0.0, 0.0, 0.0]",0.8144876,11.985254720282455,0.46309578,6.723965066872438
train,2_7,2,7,1.115327,5.524,"[-0.29959428, -0.29034016, -0.29034016, -0.29034016, -0.2007198, -0.10977198, 0.0, -0.2007198, -0.10977198, 0.0, -0.2007198, -0.10977198, 0.0, -0.10566491, 0.0, 0.0, -0.10566491, 0.0, 0.0, -0.10566491, 0.0, 0.0, 0.0, 0.0, 0.0, 0.0, 0.0, 0.0, 0.0, 0.0, 0.0]",0.8892627,13.08557674257554,0.46221143,6.7111245997900255
train,2_8,2,8,8.9875,9.218,"[-0.3033948, -0.38002032, -0.295236, -0.295236, -0.21231815, -0.21231815, -0.21231815, -0.20559366, -0.20559366, 0.0, -0.20559366, -0.20559366, 0.0, -0.29226813, -0.29226813, -0.29226813, -0.20185901, -0.20185901, 0.0, -0.20185901, 0.0, -0.20185901, -0.20893396, -0.20893396, -0.20893396, -0.20146465, 0.0, 0.0, -0.20146465, 0.0, 0.0]",0.8762424,12.893982246651376,0.37464735,5.439729260966061
train,2_9,2,9,12.0406275,11.63,"[-0.3022117, -0.36763325, -0.295236, -0.295236, -0.112345494, -0.112345494, -0.112345494, -0.20559366, -0.20559366, 0.0, -0.20559366, -0.20559366, 0.0, 0.0, 0.0, 0.0, -0.20185901, -0.20185901, 0.0, -0.20185901, 0.0, -0.20185901, 0.0, 0.0, 0.0, -0.20146465, 0.0, 0.0, -0.20146465, 0.0, 0.0]",0.829774,12.210196081925233,0.4076197,5.918474786527213
train,2_10,2,10,13.52234,10.32,"[-0.30063418, -0.36763325, -0.28702182, -0.28702182, -0.112345494, -0.112345494, -0.112345494, -0.10937761, -0.10937761, 0.0, -0.10937761, -0.10937761, 0.0, 0.0, 0.0, 0.0, 0.0, 0.0, 0.0, 0.0, 0.0, 0.0, 0.0, 0.0, 0.0, 0.0, 0.0, 0.0, 0.0, 0.0, 0.0]",0.80996877,11.918760087701571,0.42208767,6.128543685620571
train,2_12,2,12,15.658715,13.52,"[-0.30364603, -0.3680276, -0.3680276, -0.2956303, -0.112345494, -0.112345494, -0.112345494, -0.112345494, -0.112345494, -0.112345494, -0.20559366, -0.20559366, 0.0, 0.0, 0.0, 0.0, 0.0, 0.0, 0.0, -0.20185901, 0.0, -0.20185901, 0.0, 0.0, 0.0, 0.0, 0.0, 0.0, -0.20146465, 0.0, 0.0]",0.8316723,12.238129563761277,0.39300895,5.706332303883983
train,2_14,2,14,22.726398,21.04,"[-0.30508035, -0.36842197, -0.36842197, -0.36842197, -0.112345494, -0.112345494, -0.112345494, -0.112345494, -0.112345494, -0.112345494, -0.112345494, -0.112345494, -0.112345494, 0.0, 0.0, 0.0, 0.0, 0.0, 0.0, 0.0, 0.0, 0.0, 0.0, 0.0, 0.0, 0.0, 0.0, 0.0, 0.0, 0.0, 0.0]",0.8318639,12.240948522899089,0.37482798,5.442351963365013
train,2_16,2,16,29.396797,24.42,"[-0.30324775, -0.38002032, -0.38002032, -0.2154287, -0.21231815, -0.21231815, -0.21231815, -0.21231815, -0.21231815, -0.21231815, -0.38735828, 0.0, 0.0, -0.29226813, -0.29226813, -0.29226813, -0.29226813, -0.29226813, -0.29226813, -0.3057205, -0.3057205, 0.0, -0.20893396, -0.20893396, -0.20893396, -0.20893396, -0.20893396, -0.20893396, -0.3025723, -0.3025723, -0.30217797]",0.86452353,12.72153807860991,0.3293016,4.781327106564504
train,3_2,3,2,0.9850088,0.549,"[-0.2980129, -0.2944472, -0.2944472, -0.21463995, -0.20559366, -0.20559366, 0.0, -0.20559366, -0.20559366, 0.0, -0.38735828, 0.0, 0.0, -0.20185901, -0.20185901, 0.0, -0.20185901, -0.20185901, 0.0, -0.3057205, -0.3057205, 0.0, -0.20146465, 0.0, 0.0, -0.20146465, 0.0, 0.0, -0.3025723, -0.3025723, -0.30217797]",0.92897594,13.669960829826096,0.42796332,6.213855724683924
train,3_3,3,3,0.7092912,0.66,"[-0.30077738, -0.2948416, -0.2948416, -0.2948416, -0.20559366, -0.20559366, 0.0, -0.20559366, -0.20559366, 0.0, -0.20559366, -0.20559366, 0.0, -0.20185901, -0.20185901, 0.0, -0.20185901, -0.20185901, 0.0, -0.20185901, 0.0, -0.20185901, -0.20146465, 0.0, 0.0, -0.20146465, 0.0, 0.0, -0.20146465, 0.0, 0.0]",0.9256604,13.621171962060089,0.44718012,6.492876036706008
train,3_4,3,4,0.52251697,0.738,"[-0.29998866, -0.2948416, -0.2948416, -0.2866275, -0.20559366, -0.20559366, 0.0, -0.20559366, -0.20559366, 0.0, -0.10937761, -0.10937761, 0.0, -0.20185901, -0.20185901, 0.0, -0.20185901, -0.20185901, 0.0, 0.0, 0.0, 0.0, -0.20146465, 0.0, 0.0, -0.20146465, 0.0, 0.0, 0.0, 0.0, 0.0]",0.9263257,13.630962012432292,0.46126276,6.69735032776174
train,3_6,3,6,2.2848866,1.241,"[-0.29841116, -0.2866275, -0.2866275, -0.2866275, -0.10937761, -0.10937761, 0.0, -0.10937761, -0.10937761, 0.0, -0.10937761, -0.10937761, 0.0, 0.0, 0.0, 0.0, 0.0, 0.0, 0.0, 0.0, 0.0, 0.0, 0.0, 0.0, 0.0, 0.0, 0.0, 0.0, 0.0, 0.0, 0.0]",0.8542203,12.569924738049167,0.46309578,6.723965066872438
train,3_7,3,7,0.65451366,2.072,"[-0.29959428, -0.29034016, -0.29034016, -0.29034016, -0.2007198, -0.10977198, 0.0, -0.2007198, -0.10977198, 0.0, -0.2007198, -0.10977198, 0.0, -0.10566491, 0.0, 0.0, -0.10566491, 0.0, 0.0, -0.10566491, 0.0, 0.0, 0.0, 0.0, 0.0, 0.0, 0.0, 0.0, 0.0, 0.0, 0.0]",0.9146582,13.459273893792442,0.46221143,6.7111245997900255
train,3_9,3,9,5.53914,4.641,"[-0.3022117, -0.36763325, -0.295236, -0.295236, -0.112345494, -0.112345494, -0.112345494, -0.20559366, -0.20559366, 0.0, -0.20559366, -0.20559366, 0.0, 0.0, 0.0, 0.0, -0.20185901, -0.20185901, 0.0, -0.20185901, 0.0, -0.20185901, 0.0, 0.0, 0.0, -0.20146465, 0.0, 0.0, -0.20146465, 0.0, 0.0]",0.86676824,12.75456919283829,0.4076197,5.918474786527213
train,3_10,3,10,5.7767158,5.366,"[-0.30063418, -0.36763325, -0.28702182, -0.28702182, -0.112345494, -0.112345494, -0.112345494, -0.10937761, -0.10937761, 0.0, -0.10937761, -0.10937761, 0.0, 0.0, 0.0, 0.0, 0.0, 0.0, 0.0, 0.0, 0.0, 0.0, 0.0, 0.0, 0.0, 0.0, 0.0, 0.0, 0.0, 0.0, 0.0]",0.85049164,12.515057654096154,0.42208767,6.128543685620571
train,3_11,3,11,7.870543,7.548,"[-0.3022556, -0.38002032, -0.38002032, -0.20229729, -0.21231815, -0.21231815, -0.21231815, -0.21231815, -0.21231815, -0.21231815, -0.10566491, 0.0, 0.0, -0.29226813, -0.29226813, -0.29226813, -0.29226813, -0.29226813, -0.29226813, 0.0, 0.0, 0.0, -0.20893396, -0.20893396, -0.20893396, -0.20893396, -0.20893396, -0.20893396, 0.0, 0.0, 0.0]",0.8829176,12.992208149825842,0.3742903,5.43454486937361
train,3_15,3,15,9.472001,19.58,"[-0.30088156, -0.36763325, -0.36763325, -0.2154287, -0.112345494, -0.112345494, -0.112345494, -0.112345494, -0.112345494, -0.112345494, -0.38735828, 0.0, 0.0, 0.0, 0.0, 0.0, 0.0, 0.0, 0.0, -0.3057205, -0.3057205, 0.0, 0.0, 0.0, 0.0, 0.0, 0.0, 0.0, -0.3025723, -0.3025723, -0.30217797]",0.8738439,12.858688246742986,0.37454283,5.4382117197495745
train,3_16,3,16,15.531436,25.51,"[-0.30324775, -0.38002032, -0.38002032, -0.2154287, -0.21231815, -0.21231815, -0.21231815, -0.21231815, -0.21231815, -0.21231815, -0.38735828, 0.0, 0.0, -0.29226813, -0.29226813, -0.29226813, -0.29226813, -0.29226813, -0.29226813, -0.3057205, -0.3057205, 0.0, -0.20893396, -0.20893396, -0.20893396, -0.20893396, -0.20893396, -0.20893396, -0.3025723, -0.3025723, -0.30217797]",0.89492214,13.168856198124786,0.3293016,4.781327106564504
train,4_2,4,2,0.8776756,0.226,"[-0.2980129, -0.2944472, -0.2944472, -0.21463995, -0.20559366, -0.20559366, 0.0, -0.20559366, -0.20559366, 0.0, -0.38735828, 0.0, 0.0, -0.20185901, -0.20185901, 0.0, -0.20185901, -0.20185901, 0.0, -0.3057205, -0.3057205, 0.0, -0.20146465, 0.0, 0.0, -0.20146465, 0.0, 0.0, -0.3025723, -0.3025723, -0.30217797]",0.93447286,13.750848467836818,0.42796332,6.213855724683924
train,4_4,4,4,0.46372592,0.571,"[-0.29998866, -0.2948416, -0.2948416, -0.2866275, -0.20559366, -0.20559366, 0.0, -0.20559366, -0.20559366, 0.0, -0.10937761, -0.10937761, 0.0, -0.20185901, -0.20185901, 0.0, -0.20185901, -0.20185901, 0.0, 0.0, 0.0, 0.0, -0.20146465, 0.0, 0.0, -0.20146465, 0.0, 0.0, 0.0, 0.0, 0.0]",0.9320128,13.71464843656895,0.46126276,6.69735032776174
train,4_5,4,5,0.560395,0.42,"[-0.2991999, -0.2948416, -0.2866275, -0.2866275, -0.20559366, -0.20559366, 0.0, -0.10937761, -0.10937761, 0.0, -0.10937761, -0.10937761, 0.0, -0.20185901, -0.20185901, 0.0, 0.0, 0.0, 0.0, 0.0, 0.0, 0.0, -0.20146465, 0.0, 0.0, 0.0, 0.0, 0.0, 0.0, 0.0, 0.0]",0.92230594,13.57181123326177,0.46195722,6.707433517218988
train,4_6,4,6,1.8352894,1.341,"[-0.29841116, -0.2866275, -0.2866275, -0.2866275, -0.10937761, -0.10937761, 0.0, -0.10937761, -0.10937761, 0.0, -0.10937761, -0.10937761, 0.0, 0.0, 0.0, 0.0, 0.0, 0.0, 0.0, 0.0, 0.0, 0.0, 0.0, 0.0, 0.0, 0.0, 0.0, 0.0, 0.0, 0.0, 0.0]",0.86466,12.723546608922788,0.46309578,6.723965066872438
train,4_7,4,7,0.57091284,1.844,"[-0.29959428, -0.29034016, -0.29034016, -0.29034016, -0.2007198, -0.10977198, 0.0, -0.2007198, -0.10977198, 0.0, -0.2007198, -0.10977198, 0.0, -0.10566491, 0.0, 0.0, -0.10566491, 0.0, 0.0, -0.10566491, 0.0, 0.0, 0.0, 0.0, 0.0, 0.0, 0.0, 0.0, 0.0, 0.0, 0.0]",0.9211693,13.55508517515409,0.46221143,6.7111245997900255
train,4_9,4,9,4.5215526,3.99,"[-0.3022117, -0.36763325, -0.295236, -0.295236, -0.112345494, -0.112345494, -0.112345494, -0.20559366, -0.20559366, 0.0, -0.20559366, -0.20559366, 0.0, 0.0, 0.0, 0.0, -0.20185901, -0.20185901, 0.0, -0.20185901, 0.0, -0.20185901, 0.0, 0.0, 0.0, -0.20146465, 0.0, 0.0, -0.20146465, 0.0, 0.0]",0.87643945,12.896881897836693,0.4076197,5.918474786527213
train,4_10,4,10,4.618302,3.827,"[-0.30063418, -0.36763325, -0.28702182, -0.28702182, -0.112345494, -0.112345494, -0.112345494, -0.10937761, -0.10937761, 0.0, -0.10937761, -0.10937761, 0.0, 0.0, 0.0, 0.0, 0.0, 0.0, 0.0, 0.0, 0.0, 0.0, 0.0, 0.0, 0.0, 0.0, 0.0, 0.0, 0.0, 0.0, 0.0]",0.86115503,12.671970357167993,0.42208767,6.128543685620571
train,4_11,4,11,6.564481,8.619,"[-0.3022556, -0.38002032, -0.38002032, -0.20229729, -0.21231815, -0.21231815, -0.21231815, -0.21231815, -0.21231815, -0.21231815, -0.10566491, 0.0, 0.0, -0.29226813, -0.29226813, -0.29226813, -0.29226813, -0.29226813, -0.29226813, 0.0, 0.0, 0.0, -0.20893396, -0.20893396, -0.20893396, -0.20893396, -0.20893396, -0.20893396, 0.0, 0.0, 0.0]",0.8915631,13.119427933591055,0.3742903,5.43454486937361
train,4_12,4,12,5.9352784,5.467,"[-0.30364603, -0.3680276, -0.3680276, -0.2956303, -0.112345494, -0.112345494, -0.112345494, -0.112345494, -0.112345494, -0.112345494, -0.20559366, -0.20559366, 0.0, 0.0, 0.0, 0.0, 0.0, 0.0, 0.0, -0.20185901, 0.0, -0.20185901, 0.0, 0.0, 0.0, 0.0, 0.0, 0.0, -0.20146465, 0.0, 0.0]",0.87789387,12.918283709262255,0.39300895,5.706332303883983
train,4_13,4,13,4.379113,14.27,"[-0.30285725, -0.3680276, -0.3680276, -0.28741622, -0.112345494, -0.112345494, -0.112345494, -0.112345494, -0.112345494, -0.112345494, -0.10937761, -0.10937761, 0.0, 0.0, 0.0, 0.0, 0.0, 0.0, 0.0, 0.0, 0.0, 0.0, 0.0, 0.0, 0.0, 0.0, 0.0, 0.0, 0.0, 0.0, 0.0]",0.87893087,12.933543277115291,0.40664047,5.9042565460677565
train,4_14,4,14,8.622299,9.81,"[-0.30508035, -0.36842197, -0.36842197, -0.36842197, -0.112345494, -0.112345494, -0.112345494, -0.112345494, -0.112345494, -0.112345494, -0.112345494, -0.112345494, -0.112345494, 0.0, 0.0, 0.0, 0.0, 0.0, 0.0, 0.0, 0.0, 0.0, 0.0, 0.0, 0.0, 0.0, 0.0, 0.0, 0.0, 0.0, 0.0]",0.87804055,12.920442221532994,0.37482798,5.442351963365013
train,4_15,4,15,7.804381,9.942,"[-0.30088156, -0.36763325, -0.36763325, -0.2154287, -0.112345494, -0.112345494, -0.112345494, -0.112345494, -0.112345494, -0.112345494, -0.38735828, 0.0, 0.0, 0.0, 0.0, 0.0, 0.0, 0.0, 0.0, -0.3057205, -0.3057205, 0.0, 0.0, 0.0, 0.0, 0.0, 0.0, 0.0, -0.3025723, -0.3025723, -0.30217797]",0.8830707,12.994461387543652,0.37454283,5.4382117197495745
train,4_16,4,16,13.170327,14.38,"[-0.30324775, -0.38002032, -0.38002032, -0.2154287, -0.21231815, -0.21231815, -0.21231815, -0.21231815, -0.21231815, -0.21231815, -0.38735828, 0.0, 0.0, -0.29226813, -0.29226813, -0.29226813, -0.29226813, -0.29226813, -0.29226813, -0.3057205, -0.3057205, 0.0, -0.20893396, -0.20893396, -0.20893396, -0.20893396, -0.20893396, -0.20893396, -0.3025723, -0.3025723, -0.30217797]",0.90277886,13.284468606274004,0.3293016,4.781327106564504
train,4_17,4,17,14.328194,15.76,"[-0.30744654, -0.38080904, -0.38080904, -0.36842197, -0.21231815, -0.21231815, -0.21231815, -0.21231815, -0.21231815, -0.21231815, -0.112345494, -0.112345494, -0.112345494, -0.29226813, -0.29226813, -0.29226813, -0.29226813, -0.29226813, -0.29226813, 0.0, 0.0, 0.0, -0.20893396, -0.20893396, -0.20893396, -0.20893396, -0.20893396, -0.20893396, 0.0, 0.0, 0.0]",0.898499,13.221490217371866,0.3295704,4.785230220842436
train,5_1,5,1,0.39106733,0.048,"[-0.29069063, -0.2051993, -0.2051993, -0.2051993, -0.20146462, 0.0, 0.0, -0.20146462, 0.0, 0.0, -0.20146462, 0.0, 0.0, -0.19698514, 0.0, 0.0, -0.19698514, 0.0, 0.0, -0.19698514, 0.0, 0.0, -0.105270535, 0.0, 0.0, -0.105270535, 0.0, 0.0, -0.105270535, 0.0, 0.0]",0.918191,13.51125974539707,0.48349938,7.020217065898493
train,5_3,5,3,0.5998793,0.982,"[-0.30077738, -0.2948416, -0.2948416, -0.2948416, -0.20559366, -0.20559366, 0.0, -0.20559366, -0.20559366, 0.0, -0.20559366, -0.20559366, 0.0, -0.20185901, -0.20185901, 0.0, -0.20185901, -0.20185901, 0.0, -0.20185901, 0.0, -0.20185901, -0.20146465, 0.0, 0.0, -0.20146465, 0.0, 0.0, -0.20146465, 0.0, 0.0]",0.93364275,13.738633270602122,0.44718012,6.492876036706008
train,5_4,5,4,0.4425309,1.148,"[-0.29998866, -0.2948416, -0.2948416, -0.2866275, -0.20559366, -0.20559366, 0.0, -0.20559366, -0.20559366, 0.0, -0.10937761, -0.10937761, 0.0, -0.20185901, -0.20185901, 0.0, -0.20185901, -0.20185901, 0.0, 0.0, 0.0, 0.0, -0.20146465, 0.0, 0.0, -0.20146465, 0.0, 0.0, 0.0, 0.0, 0.0]",0.93424183,13.747448876791964,0.46126276,6.69735032776174
train,5_5,5,5,0.5315082,1.738,"[-0.2991999, -0.2948416, -0.2866275, -0.2866275, -0.20559366, -0.20559366, 0.0, -0.10937761, -0.10937761, 0.0, -0.10937761, -0.10937761, 0.0, -0.20185901, -0.20185901, 0.0, 0.0, 0.0, 0.0, 0.0, 0.0, 0.0, -0.20146465, 0.0, 0.0, 0.0, 0.0, 0.0, 0.0, 0.0, 0.0]",0.9248276,13.608917295889114,0.46195722,6.707433517218988
train,5_7,5,7,0.5410978,3.073,"[-0.29959428, -0.29034016, -0.29034016, -0.29034016, -0.2007198, -0.10977198, 0.0, -0.2007198, -0.10977198, 0.0, -0.2007198, -0.10977198, 0.0, -0.10566491, 0.0, 0.0, -0.10566491, 0.0, 0.0, -0.10566491, 0.0, 0.0, 0.0, 0.0, 0.0, 0.0, 0.0, 0.0, 0.0, 0.0, 0.0]",0.9237248,13.592689423466027,0.46221143,6.7111245997900255
train,5_8,5,8,4.0377,6.136,"[-0.3033948, -0.38002032, -0.295236, -0.295236, -0.21231815, -0.21231815, -0.21231815, -0.20559366, -0.20559366, 0.0, -0.20559366, -0.20559366, 0.0, -0.29226813, -0.29226813, -0.29226813, -0.20185901, -0.20185901, 0.0, -0.20185901, 0.0, -0.20185901, -0.20893396, -0.20893396, -0.20893396, -0.20146465, 0.0, 0.0, -0.20146465, 0.0, 0.0]",0.91436636,13.454979673525258,0.37464735,5.439729260966061
train,5_9,5,9,4.1734576,6.411,"[-0.3022117, -0.36763325, -0.295236, -0.295236, -0.112345494, -0.112345494, -0.112345494, -0.20559366, -0.20559366, 0.0, -0.20559366, -0.20559366, 0.0, 0.0, 0.0, 0.0, -0.20185901, -0.20185901, 0.0, -0.20185901, 0.0, -0.20185901, 0.0, 0.0, 0.0, -0.20146465, 0.0, 0.0, -0.20146465, 0.0, 0.0]",0.8802564,12.953048825424503,0.4076197,5.918474786527213
train,5_10,5,10,4.2271333,6.142,"[-0.30063418, -0.36763325, -0.28702182, -0.28702182, -0.112345494, -0.112345494, -0.112345494, -0.10937761, -0.10937761, 0.0, -0.10937761, -0.10937761, 0.0, 0.0, 0.0, 0.0, 0.0, 0.0, 0.0, 0.0, 0.0, 0.0, 0.0, 0.0, 0.0, 0.0, 0.0, 0.0, 0.0, 0.0, 0.0]",0.8653717,12.734019033348886,0.42208767,6.128543685620571
train,5_11,5,11,6.1116076,8.953,"[-0.3022556, -0.38002032, -0.38002032, -0.20229729, -0.21231815, -0.21231815, -0.21231815, -0.21231815, -0.21231815, -0.21231815, -0.10566491, 0.0, 0.0, -0.29226813, -0.29226813, -0.29226813, -0.29226813, -0.29226813, -0.29226813, 0.0, 0.0, 0.0, -0.20893396, -0.20893396, -0.20893396, -0.20893396, -0.20893396, -0.20893396, 0.0, 0.0, 0.0]",0.89496887,13.169543834703518,0.3742903,5.43454486937361
train,5_12,5,12,5.4828,7.4,"[-0.30364603, -0.3680276, -0.3680276, -0.2956303, -0.112345494, -0.112345494, -0.112345494, -0.112345494, -0.112345494, -0.112345494, -0.20559366, -0.20559366, 0.0, 0.0, 0.0, 0.0, 0.0, 0.0, 0.0, -0.20185901, 0.0, -0.20185901, 0.0, 0.0, 0.0, 0.0, 0.0, 0.0, -0.20146465, 0.0, 0.0]",0.881672,12.973879652905225,0.39300895,5.706332303883983
train,5_16,5,16,12.343102,17.21,"[-0.30324775, -0.38002032, -0.38002032, -0.2154287, -0.21231815, -0.21231815, -0.21231815, -0.21231815, -0.21231815, -0.21231815, -0.38735828, 0.0, 0.0, -0.29226813, -0.29226813, -0.29226813, -0.29226813, -0.29226813, -0.29226813, -0.3057205, -0.3057205, 0.0, -0.20893396, -0.20893396, -0.20893396, -0.20893396, -0.20893396, -0.20893396, -0.3025723, -0.3025723, -0.30217797]",0.9058696,13.329949100092335,0.3293016,4.781327106564504
train,5_17,5,17,13.39407,16.33,"[-0.30744654, -0.38080904, -0.38080904, -0.36842197, -0.21231815, -0.21231815, -0.21231815, -0.21231815, -0.21231815, -0.21231815, -0.112345494, -0.112345494, -0.112345494, -0.29226813, -0.29226813, -0.29226813, -0.29226813, -0.29226813, -0.29226813, 0.0, 0.0, 0.0, -0.20893396, -0.20893396, -0.20893396, -0.20893396, -0.20893396, -0.20893396, 0.0, 0.0, 0.0]",0.901711,13.26875470711002,0.3295704,4.785230220842436
train,6_4,6,4,0.35949516,0.576,"[-0.29998866, -0.2948416, -0.2948416, -0.2866275, -0.20559366, -0.20559366, 0.0, -0.20559366, -0.20559366, 0.0, -0.10937761, -0.10937761, 0.0, -0.20185901, -0.20185901, 0.0, -0.20185901, -0.20185901, 0.0, 0.0, 0.0, 0.0, -0.20146465, 0.0, 0.0, -0.20146465, 0.0, 0.0, 0.0, 0.0, 0.0]",0.944143,13.89314538526071,0.46126276,6.69735032776174
train,6_5,6,5,0.41997352,0.842,"[-0.2991999, -0.2948416, -0.2866275, -0.2866275, -0.20559366, -0.20559366, 0.0, -0.10937761, -0.10937761, 0.0, -0.10937761, -0.10937761, 0.0, -0.20185901, -0.20185901, 0.0, 0.0, 0.0, 0.0, 0.0, 0.0, 0.0, -0.20146465, 0.0, 0.0, 0.0, 0.0, 0.0, 0.0, 0.0, 0.0]",0.9360492,13.774044800231877,0.46195722,6.707433517218988
train,6_8,6,8,3.0955348,4.109,"[-0.3033948, -0.38002032, -0.295236, -0.295236, -0.21231815, -0.21231815, -0.21231815, -0.20559366, -0.20559366, 0.0, -0.20559366, -0.20559366, 0.0, -0.29226813, -0.29226813, -0.29226813, -0.20185901, -0.20185901, 0.0, -0.20185901, 0.0, -0.20185901, -0.20893396, -0.20893396, -0.20893396, -0.20146465, 0.0, 0.0, -0.20146465, 0.0, 0.0]",0.92702645,13.641273929850854,0.37464735,5.439729260966061
train,6_12,6,12,3.8408701,4.556,"[-0.30364603, -0.3680276, -0.3680276, -0.2956303, -0.112345494, -0.112345494, -0.112345494, -0.112345494, -0.112345494, -0.112345494, -0.20559366, -0.20559366, 0.0, 0.0, 0.0, 0.0, 0.0, 0.0, 0.0, -0.20185901, 0.0, -0.20185901, 0.0, 0.0, 0.0, 0.0, 0.0, 0.0, -0.20146465, 0.0, 0.0]",0.8986298,13.223414547287348,0.39300895,5.706332303883983
train,6_16,6,16,9.23807,11.36,"[-0.30324775, -0.38002032, -0.38002032, -0.2154287, -0.21231815, -0.21231815, -0.21231815, -0.21231815, -0.21231815, -0.21231815, -0.38735828, 0.0, 0.0, -0.29226813, -0.29226813, -0.29226813, -0.29226813, -0.29226813, -0.29226813, -0.3057205, -0.3057205, 0.0, -0.20893396, -0.20893396, -0.20893396, -0.20893396, -0.20893396, -0.20893396, -0.3025723, -0.3025723, -0.30217797]",0.9196755,13.533104485996432,0.3293016,4.781327106564504
train,6_17,6,17,9.908904,13.97,"[-0.30744654, -0.38080904, -0.38080904, -0.36842197, -0.21231815, -0.21231815, -0.21231815, -0.21231815, -0.21231815, -0.21231815, -0.112345494, -0.112345494, -0.112345494, -0.29226813, -0.29226813, -0.29226813, -0.29226813, -0.29226813, -0.29226813, 0.0, 0.0, 0.0, -0.20893396, -0.20893396, -0.20893396, -0.20893396, -0.20893396, -0.20893396, 0.0, 0.0, 0.0]",0.91607034,13.480053850199738,0.3295704,4.785230220842436
train,7_1,7,1,0.3699586,0.035,"[-0.29069063, -0.2051993, -0.2051993, -0.2051993, -0.20146462, 0.0, 0.0, -0.20146462, 0.0, 0.0, -0.20146462, 0.0, 0.0, -0.19698514, 0.0, 0.0, -0.19698514, 0.0, 0.0, -0.19698514, 0.0, 0.0, -0.105270535, 0.0, 0.0, -0.105270535, 0.0, 0.0, -0.105270535, 0.0, 0.0]",0.9208348,13.55016296025633,0.48349938,7.020217065898493
train,7_3,7,3,0.5730577,0.848,"[-0.30077738, -0.2948416, -0.2948416, -0.2948416, -0.20559366, -0.20559366, 0.0, -0.20559366, -0.20559366, 0.0, -0.20559366, -0.20559366, 0.0, -0.20185901, -0.20185901, 0.0, -0.20185901, -0.20185901, 0.0, -0.20185901, 0.0, -0.20185901, -0.20146465, 0.0, 0.0, -0.20146465, 0.0, 0.0, -0.20146465, 0.0, 0.0]",0.9358221,13.770703096960233,0.44718012,6.492876036706008
train,7_5,7,5,0.50490725,1.171,"[-0.2991999, -0.2948416, -0.2866275, -0.2866275, -0.20559366, -0.20559366, 0.0, -0.10937761, -0.10937761, 0.0, -0.10937761, -0.10937761, 0.0, -0.20185901, -0.20185901, 0.0, 0.0, 0.0, 0.0, 0.0, 0.0, 0.0, -0.20146465, 0.0, 0.0, 0.0, 0.0, 0.0, 0.0, 0.0, 0.0]",0.9272738,13.644913842863275,0.46195722,6.707433517218988
train,7_6,7,6,1.5468783,1.303,"[-0.29841116, -0.2866275, -0.2866275, -0.2866275, -0.10937761, -0.10937761, 0.0, -0.10937761, -0.10937761, 0.0, -0.10937761, -0.10937761, 0.0, 0.0, 0.0, 0.0, 0.0, 0.0, 0.0, 0.0, 0.0, 0.0, 0.0, 0.0, 0.0, 0.0, 0.0, 0.0, 0.0, 0.0, 0.0]",0.87280566,12.84341026005302,0.46309578,6.723965066872438
train,7_8,7,8,3.8107548,5.074,"[-0.3033948, -0.38002032, -0.295236, -0.295236, -0.21231815, -0.21231815, -0.21231815, -0.20559366, -0.20559366, 0.0, -0.20559366, -0.20559366, 0.0, -0.29226813, -0.29226813, -0.29226813, -0.20185901, -0.20185901, 0.0, -0.20185901, 0.0, -0.20185901, -0.20893396, -0.20893396, -0.20893396, -0.20146465, 0.0, 0.0, -0.20146465, 0.0, 0.0]",0.91712254,13.495537075358357,0.37464735,5.439729260966061
train,7_9,7,9,3.8604283,4.659,"[-0.3022117, -0.36763325, -0.295236, -0.295236, -0.112345494, -0.112345494, -0.112345494, -0.20559366, -0.20559366, 0.0, -0.20559366, -0.20559366, 0.0, 0.0, 0.0, 0.0, -0.20185901, -0.20185901, 0.0, -0.20185901, 0.0, -0.20185901, 0.0, 0.0, 0.0, -0.20146465, 0.0, 0.0, -0.20146465, 0.0, 0.0]",0.88397115,13.007711547996337,0.4076197,5.918474786527213
train,7_10,7,10,3.8779483,4.307,"[-0.30063418, -0.36763325, -0.28702182, -0.28702182, -0.112345494, -0.112345494, -0.112345494, -0.10937761, -0.10937761, 0.0, -0.10937761, -0.10937761, 0.0, 0.0, 0.0, 0.0, 0.0, 0.0, 0.0, 0.0, 0.0, 0.0, 0.0, 0.0, 0.0, 0.0, 0.0, 0.0, 0.0, 0.0, 0.0]",0.8694797,12.794468779066733,0.42208767,6.128543685620571
train,7_12,7,12,5.0756383,4.604,"[-0.30364603, -0.3680276, -0.3680276, -0.2956303, -0.112345494, -0.112345494, -0.112345494, -0.112345494, -0.112345494, -0.112345494, -0.20559366, -0.20559366, 0.0, 0.0, 0.0, 0.0, 0.0, 0.0, 0.0, -0.20185901, 0.0, -0.20185901, 0.0, 0.0, 0.0, 0.0, 0.0, 0.0, -0.20146465, 0.0, 0.0]",0.88534856,13.027980162406948,0.39300895,5.706332303883983
train,7_13,7,13,3.7491996,6.098,"[-0.30285725, -0.3680276, -0.3680276, -0.28741622, -0.112345494, -0.112345494, -0.112345494, -0.112345494, -0.112345494, -0.112345494, -0.10937761, -0.10937761, 0.0, 0.0, 0.0, 0.0, 0.0, 0.0, 0.0, 0.0, 0.0, 0.0, 0.0, 0.0, 0.0, 0.0, 0.0, 0.0, 0.0, 0.0, 0.0]",0.88633037,13.042427547260104,0.40664047,5.9042565460677565
train,7_14,7,14,7.3747063,8.51,"[-0.30508035, -0.36842197, -0.36842197, -0.36842197, -0.112345494, -0.112345494, -0.112345494, -0.112345494, -0.112345494, -0.112345494, -0.112345494, -0.112345494, -0.112345494, 0.0, 0.0, 0.0, 0.0, 0.0, 0.0, 0.0, 0.0, 0.0, 0.0, 0.0, 0.0, 0.0, 0.0, 0.0, 0.0, 0.0, 0.0]",0.88548744,13.03002377621874,0.37482798,5.442351963365013
train,7_17,7,17,12.544798,10.97,"[-0.30744654, -0.38080904, -0.38080904, -0.36842197, -0.21231815, -0.21231815, -0.21231815, -0.21231815, -0.21231815, -0.21231815, -0.112345494, -0.112345494, -0.112345494, -0.29226813, -0.29226813, -0.29226813, -0.29226813, -0.29226813, -0.29226813, 0.0, 0.0, 0.0, -0.20893396, -0.20893396, -0.20893396, -0.20893396, -0.20893396, -0.20893396, 0.0, 0.0, 0.0]",0.9048321,13.314682515539516,0.3295704,4.785230220842436
train,8_3,8,3,0.49668702,0.475,"[-0.30077738, -0.2948416, -0.2948416, -0.2948416, -0.20559366, -0.20559366, 0.0, -0.20559366, -0.20559366, 0.0, -0.20559366, -0.20559366, 0.0, -0.20185901, -0.20185901, 0.0, -0.20185901, -0.20185901, 0.0, -0.20185901, 0.0, -0.20185901, -0.20146465, 0.0, 0.0, -0.20146465, 0.0, 0.0, -0.20146465, 0.0, 0.0]",0.94263685,13.870982261908694,0.44718012,6.492876036706008
train,8_7,8,7,0.43642277,1.828,"[-0.29959428, -0.29034016, -0.29034016, -0.29034016, -0.2007198, -0.10977198, 0.0, -0.2007198, -0.10977198, 0.0, -0.2007198, -0.10977198, 0.0, -0.10566491, 0.0, 0.0, -0.10566491, 0.0, 0.0, -0.10566491, 0.0, 0.0, 0.0, 0.0, 0.0, 0.0, 0.0, 0.0, 0.0, 0.0, 0.0]",0.933968,13.743419536941587,0.46221143,6.7111245997900255
train,8_8,8,8,3.1785562,3.41,"[-0.3033948, -0.38002032, -0.295236, -0.295236, -0.21231815, -0.21231815, -0.21231815, -0.20559366, -0.20559366, 0.0, -0.20559366, -0.20559366, 0.0, -0.29226813, -0.29226813, -0.29226813, -0.20185901, -0.20185901, 0.0, -0.20185901, 0.0, -0.20185901, -0.20893396, -0.20893396, -0.20893396, -0.20146465, 0.0, 0.0, -0.20146465, 0.0, 0.0]",0.9257654,13.62271739018729,0.37464735,5.439729260966061
train,8_9,8,9,3.0194466,2.785,"[-0.3022117, -0.36763325, -0.295236, -0.295236, -0.112345494, -0.112345494, -0.112345494, -0.20559366, -0.20559366, 0.0, -0.20559366, -0.20559366, 0.0, 0.0, 0.0, 0.0, -0.20185901, -0.20185901, 0.0, -0.20185901, 0.0, -0.20185901, 0.0, 0.0, 0.0, -0.20146465, 0.0, 0.0, -0.20146465, 0.0, 0.0]",0.8956779,13.17997766728081,0.4076197,5.918474786527213
train,8_10,8,10,2.9534981,2.778,"[-0.30063418, -0.36763325, -0.28702182, -0.28702182, -0.112345494, -0.112345494, -0.112345494, -0.10937761, -0.10937761, 0.0, -0.10937761, -0.10937761, 0.0, 0.0, 0.0, 0.0, 0.0, 0.0, 0.0, 0.0, 0.0, 0.0, 0.0, 0.0, 0.0, 0.0, 0.0, 0.0, 0.0, 0.0, 0.0]",0.88245416,12.985388794724258,0.42208767,6.128543685620571
train,8_11,8,11,4.5821166,4.266,"[-0.3022556, -0.38002032, -0.38002032, -0.20229729, -0.21231815, -0.21231815, -0.21231815, -0.21231815, -0.21231815, -0.21231815, -0.10566491, 0.0, 0.0, -0.29226813, -0.29226813, -0.29226813, -0.29226813, -0.29226813, -0.29226813, 0.0, 0.0, 0.0, -0.20893396, -0.20893396, -0.20893396, -0.20893396, -0.20893396, -0.20893396, 0.0, 0.0, 0.0]",0.9086921,13.37148270028274,0.3742903,5.43454486937361
train,8_12,8,12,3.9801466,3.114,"[-0.30364603, -0.3680276, -0.3680276, -0.2956303, -0.112345494, -0.112345494, -0.112345494, -0.112345494, -0.112345494, -0.112345494, -0.20559366, -0.20559366, 0.0, 0.0, 0.0, 0.0, 0.0, 0.0, 0.0, -0.20185901, 0.0, -0.20185901, 0.0, 0.0, 0.0, 0.0, 0.0, 0.0, -0.20146465, 0.0, 0.0]",0.8969326,13.198440358584776,0.39300895,5.706332303883983
train,8_14,8,14,5.784533,4.635,"[-0.30508035, -0.36842197, -0.36842197, -0.36842197, -0.112345494, -0.112345494, -0.112345494, -0.112345494, -0.112345494, -0.112345494, -0.112345494, -0.112345494, -0.112345494, 0.0, 0.0, 0.0, 0.0, 0.0, 0.0, 0.0, 0.0, 0.0, 0.0, 0.0, 0.0, 0.0, 0.0, 0.0, 0.0, 0.0, 0.0]",0.8970591,13.200301538202211,0.37482798,5.442351963365013
train,8_16,8,16,9.508946,8.448,"[-0.30324775, -0.38002032, -0.38002032, -0.2154287, -0.21231815, -0.21231815, -0.21231815, -0.21231815, -0.21231815, -0.21231815, -0.38735828, 0.0, 0.0, -0.29226813, -0.29226813, -0.29226813, -0.29226813, -0.29226813, -0.29226813, -0.3057205, -0.3057205, 0.0, -0.20893396, -0.20893396, -0.20893396, -0.20893396, -0.20893396, -0.20893396, -0.3025723, -0.3025723, -0.30217797]",0.9182986,13.512842888285604,0.3293016,4.781327106564504
train,8_17,8,17,10.211443,10.58,"[-0.30744654, -0.38080904, -0.38080904, -0.36842197, -0.21231815, -0.21231815, -0.21231815, -0.21231815, -0.21231815, -0.21231815, -0.112345494, -0.112345494, -0.112345494, -0.29226813, -0.29226813, -0.29226813, -0.29226813, -0.29226813, -0.29226813, 0.0, 0.0, 0.0, -0.20893396, -0.20893396, -0.20893396, -0.20893396, -0.20893396, -0.20893396, 0.0, 0.0, 0.0]",0.9146373,13.458966913176937,0.3295704,4.785230220842436
train,9_1,9,1,0.39807597,0.027,"[-0.29069063, -0.2051993, -0.2051993, -0.2051993, -0.20146462, 0.0, 0.0, -0.20146462, 0.0, 0.0, -0.20146462, 0.0, 0.0, -0.19698514, 0.0, 0.0, -0.19698514, 0.0, 0.0, -0.19698514, 0.0, 0.0, -0.105270535, 0.0, 0.0, -0.105270535, 0.0, 0.0, -0.105270535, 0.0, 0.0]",0.9173448,13.498807734544698,0.48349938,7.020217065898493
train,9_2,9,2,0.8507421,0.284,"[-0.2980129, -0.2944472, -0.2944472, -0.21463995, -0.20559366, -0.20559366, 0.0, -0.20559366, -0.20559366, 0.0, -0.38735828, 0.0, 0.0, -0.20185901, -0.20185901, 0.0, -0.20185901, -0.20185901, 0.0, -0.3057205, -0.3057205, 0.0, -0.20146465, 0.0, 0.0, -0.20146465, 0.0, 0.0, -0.3025723, -0.3025723, -0.30217797]",0.9359579,13.772701102223436,0.42796332,6.213855724683924
train,9_3,9,3,0.6087336,0.961,"[-0.30077738, -0.2948416, -0.2948416, -0.2948416, -0.20559366, -0.20559366, 0.0, -0.20559366, -0.20559366, 0.0, -0.20559366, -0.20559366, 0.0, -0.20185901, -0.20185901, 0.0, -0.20185901, -0.20185901, 0.0, -0.20185901, 0.0, -0.20185901, -0.20146465, 0.0, 0.0, -0.20146465, 0.0, 0.0, -0.20146465, 0.0, 0.0]",0.9329447,13.728361699207312,0.44718012,6.492876036706008
train,9_4,9,4,0.4490079,0.982,"[-0.29998866, -0.2948416, -0.2948416, -0.2866275, -0.20559366, -0.20559366, 0.0, -0.20559366, -0.20559366, 0.0, -0.10937761, -0.10937761, 0.0, -0.20185901, -0.20185901, 0.0, -0.20185901, -0.20185901, 0.0, 0.0, 0.0, 0.0, -0.20146465, 0.0, 0.0, -0.20146465, 0.0, 0.0, 0.0, 0.0, 0.0]",0.9335495,13.73726150579455,0.46126276,6.69735032776174
train,9_6,9,6,1.7289852,1.394,"[-0.29841116, -0.2866275, -0.2866275, -0.2866275, -0.10937761, -0.10937761, 0.0, -0.10937761, -0.10937761, 0.0, -0.10937761, -0.10937761, 0.0, 0.0, 0.0, 0.0, 0.0, 0.0, 0.0, 0.0, 0.0, 0.0, 0.0, 0.0, 0.0, 0.0, 0.0, 0.0, 0.0, 0.0, 0.0]",0.867503,12.765381050116389,0.46309578,6.723965066872438
train,9_9,9,9,4.278724,5.653,"[-0.3022117, -0.36763325, -0.295236, -0.295236, -0.112345494, -0.112345494, -0.112345494, -0.20559366, -0.20559366, 0.0, -0.20559366, -0.20559366, 0.0, 0.0, 0.0, 0.0, -0.20185901, -0.20185901, 0.0, -0.20185901, 0.0, -0.20185901, 0.0, 0.0, 0.0, -0.20146465, 0.0, 0.0, -0.20146465, 0.0, 0.0]",0.87906957,12.935584259664665,0.4076197,5.918474786527213
train,9_11,9,11,6.2489314,5.085,"[-0.3022556, -0.38002032, -0.38002032, -0.20229729, -0.21231815, -0.21231815, -0.21231815, -0.21231815, -0.21231815, -0.21231815, -0.10566491, 0.0, 0.0, -0.29226813, -0.29226813, -0.29226813, -0.29226813, -0.29226813, -0.29226813, 0.0, 0.0, 0.0, -0.20893396, -0.20893396, -0.20893396, -0.20893396, -0.20893396, -0.20893396, 0.0, 0.0, 0.0]",0.8939102,13.153965884097829,0.3742903,5.43454486937361
train,9_12,9,12,5.619655,6.021,"[-0.30364603, -0.3680276, -0.3680276, -0.2956303, -0.112345494, -0.112345494, -0.112345494, -0.112345494, -0.112345494, -0.112345494, -0.20559366, -0.20559366, 0.0, 0.0, 0.0, 0.0, 0.0, 0.0, 0.0, -0.20185901, 0.0, -0.20185901, 0.0, 0.0, 0.0, 0.0, 0.0, 0.0, -0.20146465, 0.0, 0.0]",0.8804972,12.956592258814908,0.39300895,5.706332303883983
train,9_16,9,16,12.59445,10.81,"[-0.30324775, -0.38002032, -0.38002032, -0.2154287, -0.21231815, -0.21231815, -0.21231815, -0.21231815, -0.21231815, -0.21231815, -0.38735828, 0.0, 0.0, -0.29226813, -0.29226813, -0.29226813, -0.29226813, -0.29226813, -0.29226813, -0.3057205, -0.3057205, 0.0, -0.20893396, -0.20893396, -0.20893396, -0.20893396, -0.20893396, -0.20893396, -0.3025723, -0.3025723, -0.30217797]",0.90490913,13.315815712554468,0.3293016,4.781327106564504
train,9_17,9,17,13.67764,9.046,"[-0.30744654, -0.38080904, -0.38080904, -0.36842197, -0.21231815, -0.21231815, -0.21231815, -0.21231815, -0.21231815, -0.21231815, -0.112345494, -0.112345494, -0.112345494, -0.29226813, -0.29226813, -0.29226813, -0.29226813, -0.29226813, -0.29226813, 0.0, 0.0, 0.0, -0.20893396, -0.20893396, -0.20893396, -0.20893396, -0.20893396, -0.20893396, 0.0, 0.0, 0.0]",0.9007128,13.254066123201824,0.3295704,4.785230220842436
train,10_1,10,1,0.46666017,0.042,"[-0.29069063, -0.2051993, -0.2051993, -0.2051993, -0.20146462, 0.0, 0.0, -0.20146462, 0.0, 0.0, -0.20146462, 0.0, 0.0, -0.19698514, 0.0, 0.0, -0.19698514, 0.0, 0.0, -0.19698514, 0.0, 0.0, -0.105270535, 0.0, 0.0, -0.105270535, 0.0, 0.0, -0.105270535, 0.0, 0.0]",0.9097712,13.387361491891625,0.48349938,7.020217065898493
train,10_2,10,2,0.96487796,0.291,"[-0.2980129, -0.2944472, -0.2944472, -0.21463995, -0.20559366, -0.20559366, 0.0, -0.20559366, -0.20559366, 0.0, -0.38735828, 0.0, 0.0, -0.20185901, -0.20185901, 0.0, -0.20185901, -0.20185901, 0.0, -0.3057205, -0.3057205, 0.0, -0.20146465, 0.0, 0.0, -0.20146465, 0.0, 0.0, -0.3025723, -0.3025723, -0.30217797]",0.9299596,13.68443540439091,0.42796332,6.213855724683924
train,10_3,10,3,0.694182,0.824,"[-0.30077738, -0.2948416, -0.2948416, -0.2948416, -0.20559366, -0.20559366, 0.0, -0.20559366, -0.20559366, 0.0, -0.20559366, -0.20559366, 0.0, -0.20185901, -0.20185901, 0.0, -0.20185901, -0.20185901, 0.0, -0.20185901, 0.0, -0.20185901, -0.20146465, 0.0, 0.0, -0.20146465, 0.0, 0.0, -0.20146465, 0.0, 0.0]",0.9266863,13.63626839164317,0.44718012,6.492876036706008
train,10_5,10,5,0.6260285,1.092,"[-0.2991999, -0.2948416, -0.2866275, -0.2866275, -0.20559366, -0.20559366, 0.0, -0.10937761, -0.10937761, 0.0, -0.10937761, -0.10937761, 0.0, -0.20185901, -0.20185901, 0.0, 0.0, 0.0, 0.0, 0.0, 0.0, 0.0, -0.20146465, 0.0, 0.0, 0.0, 0.0, 0.0, 0.0, 0.0, 0.0]",0.917029,13.49416092511342,0.46195722,6.707433517218988
train,10_8,10,8,4.8540096,4.144,"[-0.3033948, -0.38002032, -0.295236, -0.295236, -0.21231815, -0.21231815, -0.21231815, -0.20559366, -0.20559366, 0.0, -0.20559366, -0.20559366, 0.0, -0.29226813, -0.29226813, -0.29226813, -0.20185901, -0.20185901, 0.0, -0.20185901, 0.0, -0.20185901, -0.20893396, -0.20893396, -0.20893396, -0.20146465, 0.0, 0.0, -0.20146465, 0.0, 0.0]",0.9055934,13.325884676743044,0.37464735,5.439729260966061
train,10_9,10,9,5.342375,3.859,"[-0.3022117, -0.36763325, -0.295236, -0.295236, -0.112345494, -0.112345494, -0.112345494, -0.20559366, -0.20559366, 0.0, -0.20559366, -0.20559366, 0.0, 0.0, 0.0, 0.0, -0.20185901, -0.20185901, 0.0, -0.20185901, 0.0, -0.20185901, 0.0, 0.0, 0.0, -0.20146465, 0.0, 0.0, -0.20146465, 0.0, 0.0]",0.86849153,12.77992754585398,0.4076197,5.918474786527213
train,10_10,10,10,5.5511127,3.677,"[-0.30063418, -0.36763325, -0.28702182, -0.28702182, -0.112345494, -0.112345494, -0.112345494, -0.10937761, -0.10937761, 0.0, -0.10937761, -0.10937761, 0.0, 0.0, 0.0, 0.0, 0.0, 0.0, 0.0, 0.0, 0.0, 0.0, 0.0, 0.0, 0.0, 0.0, 0.0, 0.0, 0.0, 0.0, 0.0]",0.8523896,12.54298587340736,0.42208767,6.128543685620571
train,10_11,10,11,7.619856,4.731,"[-0.3022556, -0.38002032, -0.38002032, -0.20229729, -0.21231815, -0.21231815, -0.21231815, -0.21231815, -0.21231815, -0.21231815, -0.10566491, 0.0, 0.0, -0.29226813, -0.29226813, -0.29226813, -0.29226813, -0.29226813, -0.29226813, 0.0, 0.0, 0.0, -0.20893396, -0.20893396, -0.20893396, -0.20893396, -0.20893396, -0.20893396, 0.0, 0.0, 0.0]",0.88445985,13.014902788186419,0.3742903,5.43454486937361
train,10_13,10,13,5.159247,4.212,"[-0.30285725, -0.3680276, -0.3680276, -0.28741622, -0.112345494, -0.112345494, -0.112345494, -0.112345494, -0.112345494, -0.112345494, -0.10937761, -0.10937761, 0.0, 0.0, 0.0, 0.0, 0.0, 0.0, 0.0, 0.0, 0.0, 0.0, 0.0, 0.0, 0.0, 0.0, 0.0, 0.0, 0.0, 0.0, 0.0]",0.8711196,12.818600086707875,0.40664047,5.9042565460677565
train,10_15,10,15,9.150544,7.164,"[-0.30088156, -0.36763325, -0.36763325, -0.2154287, -0.112345494, -0.112345494, -0.112345494, -0.112345494, -0.112345494, -0.112345494, -0.38735828, 0.0, 0.0, 0.0, 0.0, 0.0, 0.0, 0.0, 0.0, -0.3057205, -0.3057205, 0.0, 0.0, 0.0, 0.0, 0.0, 0.0, 0.0, -0.3025723, -0.3025723, -0.30217797]",0.8754889,12.882894106819322,0.37454283,5.4382117197495745
train,10_16,10,16,15.080856,8.673,"[-0.30324775, -0.38002032, -0.38002032, -0.2154287, -0.21231815, -0.21231815, -0.21231815, -0.21231815, -0.21231815, -0.21231815, -0.38735828, 0.0, 0.0, -0.29226813, -0.29226813, -0.29226813, -0.29226813, -0.29226813, -0.29226813, -0.3057205, -0.3057205, 0.0, -0.20893396, -0.20893396, -0.20893396, -0.20893396, -0.20893396, -0.20893396, -0.3025723, -0.3025723, -0.30217797]",0.8963249,13.189497574711368,0.3293016,4.781327106564504
train,11_2,11,2,0.66016054,0.125,"[-0.2980129, -0.2944472, -0.2944472, -0.21463995, -0.20559366, -0.20559366, 0.0, -0.20559366, -0.20559366, 0.0, -0.38735828, 0.0, 0.0, -0.20185901, -0.20185901, 0.0, -0.20185901, -0.20185901, 0.0, -0.3057205, -0.3057205, 0.0, -0.20146465, 0.0, 0.0, -0.20146465, 0.0, 0.0, -0.3025723, -0.3025723, -0.30217797]",0.94804204,13.950520062298665,0.42796332,6.213855724683924
train,11_4,11,4,0.34530464,0.339,"[-0.29998866, -0.2948416, -0.2948416, -0.2866275, -0.20559366, -0.20559366, 0.0, -0.20559366, -0.20559366, 0.0, -0.10937761, -0.10937761, 0.0, -0.20185901, -0.20185901, 0.0, -0.20185901, -0.20185901, 0.0, 0.0, 0.0, 0.0, -0.20146465, 0.0, 0.0, -0.20146465, 0.0, 0.0, 0.0, 0.0, 0.0]",0.9460619,13.921382339362367,0.46126276,6.69735032776174
train,11_5,11,5,0.4012027,0.39,"[-0.2991999, -0.2948416, -0.2866275, -0.2866275, -0.20559366, -0.20559366, 0.0, -0.10937761, -0.10937761, 0.0, -0.10937761, -0.10937761, 0.0, -0.20185901, -0.20185901, 0.0, 0.0, 0.0, 0.0, 0.0, 0.0, 0.0, -0.20146465, 0.0, 0.0, 0.0, 0.0, 0.0, 0.0, 0.0, 0.0]",0.938228,13.80610585571526,0.46195722,6.707433517218988
train,11_6,11,6,1.0558838,0.505,"[-0.29841116, -0.2866275, -0.2866275, -0.2866275, -0.10937761, -0.10937761, 0.0, -0.10937761, -0.10937761, 0.0, -0.10937761, -0.10937761, 0.0, 0.0, 0.0, 0.0, 0.0, 0.0, 0.0, 0.0, 0.0, 0.0, 0.0, 0.0, 0.0, 0.0, 0.0, 0.0, 0.0, 0.0, 0.0]",0.89099956,13.111135071535045,0.46309578,6.723965066872438
train,11_9,11,9,2.7145505,1.823,"[-0.3022117, -0.36763325, -0.295236, -0.295236, -0.112345494, -0.112345494, -0.112345494, -0.20559366, -0.20559366, 0.0, -0.20559366, -0.20559366, 0.0, 0.0, 0.0, 0.0, -0.20185901, -0.20185901, 0.0, -0.20185901, 0.0, -0.20185901, 0.0, 0.0, 0.0, -0.20146465, 0.0, 0.0, -0.20146465, 0.0, 0.0]",0.90074956,13.254607286172586,0.4076197,5.918474786527213
train,11_10,11,10,2.6241064,1.896,"[-0.30063418, -0.36763325, -0.28702182, -0.28702182, -0.112345494, -0.112345494, -0.112345494, -0.10937761, -0.10937761, 0.0, -0.10937761, -0.10937761, 0.0, 0.0, 0.0, 0.0, 0.0, 0.0, 0.0, 0.0, 0.0, 0.0, 0.0, 0.0, 0.0, 0.0, 0.0, 0.0, 0.0, 0.0, 0.0]",0.88808835,13.068296365185006,0.42208767,6.128543685620571
train,11_12,11,12,3.5823321,1.712,"[-0.30364603, -0.3680276, -0.3680276, -0.2956303, -0.112345494, -0.112345494, -0.112345494, -0.112345494, -0.112345494, -0.112345494, -0.20559366, -0.20559366, 0.0, 0.0, 0.0, 0.0, 0.0, 0.0, 0.0, -0.20185901, 0.0, -0.20185901, 0.0, 0.0, 0.0, 0.0, 0.0, 0.0, -0.20146465, 0.0, 0.0]",0.9019499,13.272270073701293,0.39300895,5.706332303883983
train,11_14,11,14,5.2069664,3.853,"[-0.30508035, -0.36842197, -0.36842197, -0.36842197, -0.112345494, -0.112345494, -0.112345494, -0.112345494, -0.112345494, -0.112345494, -0.112345494, -0.112345494, -0.112345494, 0.0, 0.0, 0.0, 0.0, 0.0, 0.0, 0.0, 0.0, 0.0, 0.0, 0.0, 0.0, 0.0, 0.0, 0.0, 0.0, 0.0, 0.0]",0.9020709,13.274050561271224,0.37482798,5.442351963365013
train,11_15,11,15,4.801386,4.07,"[-0.30088156, -0.36763325, -0.36763325, -0.2154287, -0.112345494, -0.112345494, -0.112345494, -0.112345494, -0.112345494, -0.112345494, -0.38735828, 0.0, 0.0, 0.0, 0.0, 0.0, 0.0, 0.0, 0.0, -0.3057205, -0.3057205, 0.0, 0.0, 0.0, 0.0, 0.0, 0.0, 0.0, -0.3025723, -0.3025723, -0.30217797]",0.9062159,13.335044978309725,0.37454283,5.4382117197495745
train,11_17,11,17,9.343257,3.727,"[-0.30744654, -0.38080904, -0.38080904, -0.36842197, -0.21231815, -0.21231815, -0.21231815, -0.21231815, -0.21231815, -0.21231815, -0.112345494, -0.112345494, -0.112345494, -0.29226813, -0.29226813, -0.29226813, -0.29226813, -0.29226813, -0.29226813, 0.0, 0.0, 0.0, -0.20893396, -0.20893396, -0.20893396, -0.20893396, -0.20893396, -0.20893396, 0.0, 0.0, 0.0]",0.9188708,13.52126292802518,0.3295704,4.785230220842436
train,12_2,12,2,0.42975172,0.069,"[-0.2980129, -0.2944472, -0.2944472, -0.21463995, -0.20559366, -0.20559366, 0.0, -0.20559366, -0.20559366, 0.0, -0.38735828, 0.0, 0.0, -0.20185901, -0.20185901, 0.0, -0.20185901, -0.20185901, 0.0, -0.3057205, -0.3057205, 0.0, -0.20146465, 0.0, 0.0, -0.20146465, 0.0, 0.0, -0.3025723, -0.3025723, -0.30217797]",0.9684951,14.251488243177505,0.42796332,6.213855724683924
train,12_4,12,4,0.22126365,0.166,"[-0.29998866, -0.2948416, -0.2948416, -0.2866275, -0.20559366, -0.20559366, 0.0, -0.20559366, -0.20559366, 0.0, -0.10937761, -0.10937761, 0.0, -0.20185901, -0.20185901, 0.0, -0.20185901, -0.20185901, 0.0, 0.0, 0.0, 0.0, -0.20146465, 0.0, 0.0, -0.20146465, 0.0, 0.0, 0.0, 0.0, 0.0]",0.9672675,14.233424626673695,0.46126276,6.69735032776174
train,12_7,12,7,0.24325635,0.474,"[-0.29959428, -0.29034016, -0.29034016, -0.29034016, -0.2007198, -0.10977198, 0.0, -0.2007198, -0.10977198, 0.0, -0.2007198, -0.10977198, 0.0, -0.10566491, 0.0, 0.0, -0.10566491, 0.0, 0.0, -0.10566491, 0.0, 0.0, 0.0, 0.0, 0.0, 0.0, 0.0, 0.0, 0.0, 0.0, 0.0]",0.96181655,14.153213223104558,0.46221143,6.7111245997900255
train,12_10,12,10,1.0794894,1.19,"[-0.30063418, -0.36763325, -0.28702182, -0.28702182, -0.112345494, -0.112345494, -0.112345494, -0.10937761, -0.10937761, 0.0, -0.10937761, -0.10937761, 0.0, 0.0, 0.0, 0.0, 0.0, 0.0, 0.0, 0.0, 0.0, 0.0, 0.0, 0.0, 0.0, 0.0, 0.0, 0.0, 0.0, 0.0, 0.0]",0.93040955,13.691056537723625,0.42208767,6.128543685620571
train,12_11,12,11,2.068294,1.275,"[-0.3022556, -0.38002032, -0.38002032, -0.20229729, -0.21231815, -0.21231815, -0.21231815, -0.21231815, -0.21231815, -0.21231815, -0.10566491, 0.0, 0.0, -0.29226813, -0.29226813, -0.29226813, -0.29226813, -0.29226813, -0.29226813, 0.0, 0.0, 0.0, -0.20893396, -0.20893396, -0.20893396, -0.20893396, -0.20893396, -0.20893396, 0.0, 0.0, 0.0]",0.94659114,13.929169999034002,0.3742903,5.43454486937361
train,12_12,12,12,1.6327636,1.242,"[-0.30364603, -0.3680276, -0.3680276, -0.2956303, -0.112345494, -0.112345494, -0.112345494, -0.112345494, -0.112345494, -0.112345494, -0.20559366, -0.20559366, 0.0, 0.0, 0.0, 0.0, 0.0, 0.0, 0.0, -0.20185901, 0.0, -0.20185901, 0.0, 0.0, 0.0, 0.0, 0.0, 0.0, -0.20146465, 0.0, 0.0]",0.93938696,13.823159944537792,0.39300895,5.706332303883983
train,12_13,12,13,1.217036,1.533,"[-0.30285725, -0.3680276, -0.3680276, -0.28741622, -0.112345494, -0.112345494, -0.112345494, -0.112345494, -0.112345494, -0.112345494, -0.10937761, -0.10937761, 0.0, 0.0, 0.0, 0.0, 0.0, 0.0, 0.0, 0.0, 0.0, 0.0, 0.0, 0.0, 0.0, 0.0, 0.0, 0.0, 0.0, 0.0, 0.0]",0.9399374,13.83125984734977,0.40664047,5.9042565460677565
train,13_1,13,1,0.15287188,0.014,"[-0.29069063, -0.2051993, -0.2051993, -0.2051993, -0.20146462, 0.0, 0.0, -0.20146462, 0.0, 0.0, -0.20146462, 0.0, 0.0, -0.19698514, 0.0, 0.0, -0.19698514, 0.0, 0.0, -0.19698514, 0.0, 0.0, -0.105270535, 0.0, 0.0, -0.105270535, 0.0, 0.0, -0.105270535, 0.0, 0.0]",0.96294343,14.169795438866686,0.48349938,7.020217065898493
train,13_4,13,4,0.2067674,0.192,"[-0.29998866, -0.2948416, -0.2948416, -0.2866275, -0.20559366, -0.20559366, 0.0, -0.20559366, -0.20559366, 0.0, -0.10937761, -0.10937761, 0.0, -0.20185901, -0.20185901, 0.0, -0.20185901, -0.20185901, 0.0, 0.0, 0.0, 0.0, -0.20146465, 0.0, 0.0, -0.20146465, 0.0, 0.0, 0.0, 0.0, 0.0]",0.97049606,14.280932946729308,0.46126276,6.69735032776174
train,13_5,13,5,0.22359104,0.182,"[-0.2991999, -0.2948416, -0.2866275, -0.2866275, -0.20559366, -0.20559366, 0.0, -0.10937761, -0.10937761, 0.0, -0.10937761, -0.10937761, 0.0, -0.20185901, -0.20185901, 0.0, 0.0, 0.0, 0.0, 0.0, 0.0, 0.0, -0.20146465, 0.0, 0.0, 0.0, 0.0, 0.0, 0.0, 0.0, 0.0]",0.9660837,14.216004792374974,0.46195722,6.707433517218988
train,13_6,13,6,0.38748193,0.35,"[-0.29841116, -0.2866275, -0.2866275, -0.2866275, -0.10937761, -0.10937761, 0.0, -0.10937761, -0.10937761, 0.0, -0.10937761, -0.10937761, 0.0, 0.0, 0.0, 0.0, 0.0, 0.0, 0.0, 0.0, 0.0, 0.0, 0.0, 0.0, 0.0, 0.0, 0.0, 0.0, 0.0, 0.0, 0.0]",0.9387625,13.813970699084507,0.46309578,6.723965066872438
train,13_7,13,7,0.22485867,0.609,"[-0.29959428, -0.29034016, -0.29034016, -0.29034016, -0.2007198, -0.10977198, 0.0, -0.2007198, -0.10977198, 0.0, -0.2007198, -0.10977198, 0.0, -0.10566491, 0.0, 0.0, -0.10566491, 0.0, 0.0, -0.10566491, 0.0, 0.0, 0.0, 0.0, 0.0, 0.0, 0.0, 0.0, 0.0, 0.0, 0.0]",0.9655636,14.208351327086689,0.46221143,6.7111245997900255
train,13_8,13,8,1.5133725,1.361,"[-0.3033948, -0.38002032, -0.295236, -0.295236, -0.21231815, -0.21231815, -0.21231815, -0.20559366, -0.20559366, 0.0, -0.20559366, -0.20559366, 0.0, -0.29226813, -0.29226813, -0.29226813, -0.20185901, -0.20185901, 0.0, -0.20185901, 0.0, -0.20185901, -0.20893396, -0.20893396, -0.20893396, -0.20146465, 0.0, 0.0, -0.20146465, 0.0, 0.0]",0.96112245,14.142999539482958,0.37464735,5.439729260966061
train,13_9,13,9,1.0835531,1.181,"[-0.3022117, -0.36763325, -0.295236, -0.295236, -0.112345494, -0.112345494, -0.112345494, -0.20559366, -0.20559366, 0.0, -0.20559366, -0.20559366, 0.0, 0.0, 0.0, 0.0, -0.20185901, -0.20185901, 0.0, -0.20185901, 0.0, -0.20185901, 0.0, 0.0, 0.0, -0.20146465, 0.0, 0.0, -0.20146465, 0.0, 0.0]",0.9445063,13.898491233407867,0.4076197,5.918474786527213
train,13_12,13,12,1.4449352,1.354,"[-0.30364603, -0.3680276, -0.3680276, -0.2956303, -0.112345494, -0.112345494, -0.112345494, -0.112345494, -0.112345494, -0.112345494, -0.20559366, -0.20559366, 0.0, 0.0, 0.0, 0.0, 0.0, 0.0, 0.0, -0.20185901, 0.0, -0.20185901, 0.0, 0.0, 0.0, 0.0, 0.0, 0.0, -0.20146465, 0.0, 0.0]",0.9452096,13.908840865587763,0.39300895,5.706332303883983
train,13_13,13,13,1.0781602,2.156,"[-0.30285725, -0.3680276, -0.3680276, -0.28741622, -0.112345494, -0.112345494, -0.112345494, -0.112345494, -0.112345494, -0.112345494, -0.10937761, -0.10937761, 0.0, 0.0, 0.0, 0.0, 0.0, 0.0, 0.0, 0.0, 0.0, 0.0, 0.0, 0.0, 0.0, 0.0, 0.0, 0.0, 0.0, 0.0, 0.0]",0.9457102,13.916206646184946,0.40664047,5.9042565460677565
train,13_14,13,14,2.1024406,3.347,"[-0.30508035, -0.36842197, -0.36842197, -0.36842197, -0.112345494, -0.112345494, -0.112345494, -0.112345494, -0.112345494, -0.112345494, -0.112345494, -0.112345494, -0.112345494, 0.0, 0.0, 0.0, 0.0, 0.0, 0.0, 0.0, 0.0, 0.0, 0.0, 0.0, 0.0, 0.0, 0.0, 0.0, 0.0, 0.0, 0.0]",0.94528043,13.909882845505535,0.37482798,5.442351963365013
train,13_15,13,15,2.0100656,3.494,"[-0.30088156, -0.36763325, -0.36763325, -0.2154287, -0.112345494, -0.112345494, -0.112345494, -0.112345494, -0.112345494, -0.112345494, -0.38735828, 0.0, 0.0, 0.0, 0.0, 0.0, 0.0, 0.0, 0.0, -0.3057205, -0.3057205, 0.0, 0.0, 0.0, 0.0, 0.0, 0.0, 0.0, -0.3025723, -0.3025723, -0.30217797]",0.9477025,13.945524172053183,0.37454283,5.4382117197495745
train,13_16,13,16,4.2163353,4.022,"[-0.30324775, -0.38002032, -0.38002032, -0.2154287, -0.21231815, -0.21231815, -0.21231815, -0.21231815, -0.21231815, -0.21231815, -0.38735828, 0.0, 0.0, -0.29226813, -0.29226813, -0.29226813, -0.29226813, -0.29226813, -0.29226813, -0.3057205, -0.3057205, 0.0, -0.20893396, -0.20893396, -0.20893396, -0.20893396, -0.20893396, -0.20893396, -0.3025723, -0.3025723, -0.30217797]",0.957047,14.0830286835253,0.3293016,4.781327106564504
train,14_1,14,1,0.14126396,0.006,"[-0.29069063, -0.2051993, -0.2051993, -0.2051993, -0.20146462, 0.0, 0.0, -0.20146462, 0.0, 0.0, -0.20146462, 0.0, 0.0, -0.19698514, 0.0, 0.0, -0.19698514, 0.0, 0.0, -0.19698514, 0.0, 0.0, -0.105270535, 0.0, 0.0, -0.105270535, 0.0, 0.0, -0.105270535, 0.0, 0.0]",0.966706,14.225161585591763,0.48349938,7.020217065898493
train,14_2,14,2,0.37876588,0.071,"[-0.2980129, -0.2944472, -0.2944472, -0.21463995, -0.20559366, -0.20559366, 0.0, -0.20559366, -0.20559366, 0.0, -0.38735828, 0.0, 0.0, -0.20185901, -0.20185901, 0.0, -0.20185901, -0.20185901, 0.0, -0.3057205, -0.3057205, 0.0, -0.20146465, 0.0, 0.0, -0.20146465, 0.0, 0.0, -0.3025723, -0.3025723, -0.30217797]",0.9745122,14.340031100651458,0.42796332,6.213855724683924
train,14_3,14,3,0.26117766,0.146,"[-0.30077738, -0.2948416, -0.2948416, -0.2948416, -0.20559366, -0.20559366, 0.0, -0.20559366, -0.20559366, 0.0, -0.20559366, -0.20559366, 0.0, -0.20185901, -0.20185901, 0.0, -0.20185901, -0.20185901, 0.0, -0.20185901, 0.0, -0.20185901, -0.20146465, 0.0, 0.0, -0.20146465, 0.0, 0.0, -0.20146465, 0.0, 0.0]",0.97326124,14.32162278877081,0.44718012,6.492876036706008
train,14_5,14,5,0.2079563,0.178,"[-0.2991999, -0.2948416, -0.2866275, -0.2866275, -0.20559366, -0.20559366, 0.0, -0.10937761, -0.10937761, 0.0, -0.10937761, -0.10937761, 0.0, -0.20185901, -0.20185901, 0.0, 0.0, 0.0, 0.0, 0.0, 0.0, 0.0, -0.20146465, 0.0, 0.0, 0.0, 0.0, 0.0, 0.0, 0.0, 0.0]",0.9695375,14.266827625990572,0.46195722,6.707433517218988
train,14_8,14,8,1.3932403,0.845,"[-0.3033948, -0.38002032, -0.295236, -0.295236, -0.21231815, -0.21231815, -0.21231815, -0.20559366, -0.20559366, 0.0, -0.20559366, -0.20559366, 0.0, -0.29226813, -0.29226813, -0.29226813, -0.20185901, -0.20185901, 0.0, -0.20185901, 0.0, -0.20185901, -0.20893396, -0.20893396, -0.20893396, -0.20146465, 0.0, 0.0, -0.20146465, 0.0, 0.0]",0.9650631,14.200986423576978,0.37464735,5.439729260966061
train,14_13,14,13,0.96215993,1.186,"[-0.30285725, -0.3680276, -0.3680276, -0.28741622, -0.112345494, -0.112345494, -0.112345494, -0.112345494, -0.112345494, -0.112345494, -0.10937761, -0.10937761, 0.0, 0.0, 0.0, 0.0, 0.0, 0.0, 0.0, 0.0, 0.0, 0.0, 0.0, 0.0, 0.0, 0.0, 0.0, 0.0, 0.0, 0.0, 0.0]",0.95113367,13.99601371242909,0.40664047,5.9042565460677565
train,14_16,14,16,3.8494802,3.146,"[-0.30324775, -0.38002032, -0.38002032, -0.2154287, -0.21231815, -0.21231815, -0.21231815, -0.21231815, -0.21231815, -0.21231815, -0.38735828, 0.0, 0.0, -0.29226813, -0.29226813, -0.29226813, -0.29226813, -0.29226813, -0.29226813, -0.3057205, -0.3057205, 0.0, -0.20893396, -0.20893396, -0.20893396, -0.20893396, -0.20893396, -0.20893396, -0.3025723, -0.3025723, -0.30217797]",0.9613842,14.14685083057634,0.3293016,4.781327106564504
train,14_17,14,17,3.976785,2.383,"[-0.30744654, -0.38080904, -0.38080904, -0.36842197, -0.21231815, -0.21231815, -0.21231815, -0.21231815, -0.21231815, -0.21231815, -0.112345494, -0.112345494, -0.112345494, -0.29226813, -0.29226813, -0.29226813, -0.29226813, -0.29226813, -0.29226813, 0.0, 0.0, 0.0, -0.20893396, -0.20893396, -0.20893396, -0.20893396, -0.20893396, -0.20893396, 0.0, 0.0, 0.0]",0.95956874,14.12013650032759,0.3295704,4.785230220842436
train,15_5,15,5,0.19181049,0.116,"[-0.2991999, -0.2948416, -0.2866275, -0.2866275, -0.20559366, -0.20559366, 0.0, -0.10937761, -0.10937761, 0.0, -0.10937761, -0.10937761, 0.0, -0.20185901, -0.20185901, 0.0, 0.0, 0.0, 0.0, 0.0, 0.0, 0.0, -0.20146465, 0.0, 0.0, 0.0, 0.0, 0.0, 0.0, 0.0, 0.0]",0.9733882,14.323490985088029,0.46195722,6.707433517218988
train,15_7,15,7,0.19245768,0.339,"[-0.29959428, -0.29034016, -0.29034016, -0.29034016, -0.2007198, -0.10977198, 0.0, -0.2007198, -0.10977198, 0.0, -0.2007198, -0.10977198, 0.0, -0.10566491, 0.0, 0.0, -0.10566491, 0.0, 0.0, -0.10566491, 0.0, 0.0, 0.0, 0.0, 0.0, 0.0, 0.0, 0.0, 0.0, 0.0, 0.0]",0.9729769,14.317439081525208,0.46221143,6.7111245997900255
train,15_8,15,8,1.2703781,0.761,"[-0.3033948, -0.38002032, -0.295236, -0.295236, -0.21231815, -0.21231815, -0.21231815, -0.20559366, -0.20559366, 0.0, -0.20559366, -0.20559366, 0.0, -0.29226813, -0.29226813, -0.29226813, -0.20185901, -0.20185901, 0.0, -0.20185901, 0.0, -0.20185901, -0.20893396, -0.20893396, -0.20893396, -0.20146465, 0.0, 0.0, -0.20146465, 0.0, 0.0]",0.9694617,14.265711970725079,0.37464735,5.439729260966061
train,15_9,15,9,0.8468922,0.724,"[-0.3022117, -0.36763325, -0.295236, -0.295236, -0.112345494, -0.112345494, -0.112345494, -0.20559366, -0.20559366, 0.0, -0.20559366, -0.20559366, 0.0, 0.0, 0.0, 0.0, -0.20185901, -0.20185901, 0.0, -0.20185901, 0.0, -0.20185901, 0.0, 0.0, 0.0, -0.20146465, 0.0, 0.0, -0.20146465, 0.0, 0.0]",0.9562473,14.071261677989241,0.4076197,5.918474786527213
train,15_10,15,10,0.71144414,0.722,"[-0.30063418, -0.36763325, -0.28702182, -0.28702182, -0.112345494, -0.112345494, -0.112345494, -0.10937761, -0.10937761, 0.0, -0.10937761, -0.10937761, 0.0, 0.0, 0.0, 0.0, 0.0, 0.0, 0.0, 0.0, 0.0, 0.0, 0.0, 0.0, 0.0, 0.0, 0.0, 0.0, 0.0, 0.0, 0.0]",0.95027506,13.983379267382361,0.42208767,6.128543685620571
train,15_13,15,13,0.8469891,1.23,"[-0.30285725, -0.3680276, -0.3680276, -0.28741622, -0.112345494, -0.112345494, -0.112345494, -0.112345494, -0.112345494, -0.112345494, -0.10937761, -0.10937761, 0.0, 0.0, 0.0, 0.0, 0.0, 0.0, 0.0, 0.0, 0.0, 0.0, 0.0, 0.0, 0.0, 0.0, 0.0, 0.0, 0.0, 0.0, 0.0]",0.9572081,14.085399450964474,0.40664047,5.9042565460677565
train,15_15,15,15,1.592518,2.18,"[-0.30088156, -0.36763325, -0.36763325, -0.2154287, -0.112345494, -0.112345494, -0.112345494, -0.112345494, -0.112345494, -0.112345494, -0.38735828, 0.0, 0.0, 0.0, 0.0, 0.0, 0.0, 0.0, 0.0, -0.3057205, -0.3057205, 0.0, 0.0, 0.0, 0.0, 0.0, 0.0, 0.0, -0.3025723, -0.3025723, -0.30217797]",0.95879686,14.10877821755389,0.37454283,5.4382117197495745
train,15_16,15,16,3.4772382,2.708,"[-0.30324775, -0.38002032, -0.38002032, -0.2154287, -0.21231815, -0.21231815, -0.21231815, -0.21231815, -0.21231815, -0.21231815, -0.38735828, 0.0, 0.0, -0.29226813, -0.29226813, -0.29226813, -0.29226813, -0.29226813, -0.29226813, -0.3057205, -0.3057205, 0.0, -0.20893396, -0.20893396, -0.20893396, -0.20893396, -0.20893396, -0.20893396, -0.3025723, -0.3025723, -0.30217797]",0.9662296,14.218151902508566,0.3293016,4.781327106564504
train,16_1,16,1,0.18075967,0.008,"[-0.29069063, -0.2051993, -0.2051993, -0.2051993, -0.20146462, 0.0, 0.0, -0.20146462, 0.0, 0.0, -0.20146462, 0.0, 0.0, -0.19698514, 0.0, 0.0, -0.19698514, 0.0, 0.0, -0.19698514, 0.0, 0.0, -0.105270535, 0.0, 0.0, -0.105270535, 0.0, 0.0, -0.105270535, 0.0, 0.0]",0.95495963,14.052313080225304,0.48349938,7.020217065898493
train,16_2,16,2,0.45838806,0.072,"[-0.2980129, -0.2944472, -0.2944472, -0.21463995, -0.20559366, -0.20559366, 0.0, -0.20559366, -0.20559366, 0.0, -0.38735828, 0.0, 0.0, -0.20185901, -0.20185901, 0.0, -0.20185901, -0.20185901, 0.0, -0.3057205, -0.3057205, 0.0, -0.20146465, 0.0, 0.0, -0.20146465, 0.0, 0.0, -0.3025723, -0.3025723, -0.30217797]",0.96542156,14.206261227638834,0.42796332,6.213855724683924
train,16_3,16,3,0.31894433,0.178,"[-0.30077738, -0.2948416, -0.2948416, -0.2948416, -0.20559366, -0.20559366, 0.0, -0.20559366, -0.20559366, 0.0, -0.20559366, -0.20559366, 0.0, -0.20185901, -0.20185901, 0.0, -0.20185901, -0.20185901, 0.0, -0.20185901, 0.0, -0.20185901, -0.20146465, 0.0, 0.0, -0.20146465, 0.0, 0.0, -0.20146465, 0.0, 0.0]",0.96374094,14.18153086925372,0.44718012,6.492876036706008
train,16_4,16,4,0.23657848,0.197,"[-0.29998866, -0.2948416, -0.2948416, -0.2866275, -0.20559366, -0.20559366, 0.0, -0.20559366, -0.20559366, 0.0, -0.10937761, -0.10937761, 0.0, -0.20185901, -0.20185901, 0.0, -0.20185901, -0.20185901, 0.0, 0.0, 0.0, 0.0, -0.20146465, 0.0, 0.0, -0.20146465, 0.0, 0.0, 0.0, 0.0, 0.0]",0.9640788,14.186502201049962,0.46126276,6.69735032776174
train,16_5,16,5,0.26081127,0.211,"[-0.2991999, -0.2948416, -0.2866275, -0.2866275, -0.20559366, -0.20559366, 0.0, -0.10937761, -0.10937761, 0.0, -0.10937761, -0.10937761, 0.0, -0.20185901, -0.20185901, 0.0, 0.0, 0.0, 0.0, 0.0, 0.0, 0.0, -0.20146465, 0.0, 0.0, 0.0, 0.0, 0.0, 0.0, 0.0, 0.0]",0.9587474,14.108050234951406,0.46195722,6.707433517218988
train,16_7,16,7,0.2628829,0.491,"[-0.29959428, -0.29034016, -0.29034016, -0.29034016, -0.2007198, -0.10977198, 0.0, -0.2007198, -0.10977198, 0.0, -0.2007198, -0.10977198, 0.0, -0.10566491, 0.0, 0.0, -0.10566491, 0.0, 0.0, -0.10566491, 0.0, 0.0, 0.0, 0.0, 0.0, 0.0, 0.0, 0.0, 0.0, 0.0, 0.0]",0.95811963,14.098812749687113,0.46221143,6.7111245997900255
train,16_8,16,8,1.8035133,1.099,"[-0.3033948, -0.38002032, -0.295236, -0.295236, -0.21231815, -0.21231815, -0.21231815, -0.20559366, -0.20559366, 0.0, -0.20559366, -0.20559366, 0.0, -0.29226813, -0.29226813, -0.29226813, -0.20185901, -0.20185901, 0.0, -0.20185901, 0.0, -0.20185901, -0.20893396, -0.20893396, -0.20893396, -0.20146465, 0.0, 0.0, -0.20146465, 0.0, 0.0]",0.9527656,14.020027490348866,0.37464735,5.439729260966061
train,16_9,16,9,1.384538,1.078,"[-0.3022117, -0.36763325, -0.295236, -0.295236, -0.112345494, -0.112345494, -0.112345494, -0.20559366, -0.20559366, 0.0, -0.20559366, -0.20559366, 0.0, 0.0, 0.0, 0.0, -0.20185901, -0.20185901, 0.0, -0.20185901, 0.0, -0.20185901, 0.0, 0.0, 0.0, -0.20146465, 0.0, 0.0, -0.20146465, 0.0, 0.0]",0.9328273,13.726633836885753,0.4076197,5.918474786527213
train,16_15,16,15,2.5348086,2.888,"[-0.30088156, -0.36763325, -0.36763325, -0.2154287, -0.112345494, -0.112345494, -0.112345494, -0.112345494, -0.112345494, -0.112345494, -0.38735828, 0.0, 0.0, 0.0, 0.0, 0.0, 0.0, 0.0, 0.0, -0.3057205, -0.3057205, 0.0, 0.0, 0.0, 0.0, 0.0, 0.0, 0.0, -0.3025723, -0.3025723, -0.30217797]",0.9366511,13.782901629532944,0.37454283,5.4382117197495745
train,16_16,16,16,5.1128426,3.587,"[-0.30324775, -0.38002032, -0.38002032, -0.2154287, -0.21231815, -0.21231815, -0.21231815, -0.21231815, -0.21231815, -0.21231815, -0.38735828, 0.0, 0.0, -0.29226813, -0.29226813, -0.29226813, -0.29226813, -0.29226813, -0.29226813, -0.3057205, -0.3057205, 0.0, -0.20893396, -0.20893396, -0.20893396, -0.20893396, -0.20893396, -0.20893396, -0.3025723, -0.3025723, -0.30217797]",0.94786155,13.947864241430807,0.3293016,4.781327106564504
train,16_17,16,17,5.348819,2.93,"[-0.30744654, -0.38080904, -0.38080904, -0.36842197, -0.21231815, -0.21231815, -0.21231815, -0.21231815, -0.21231815, -0.21231815, -0.112345494, -0.112345494, -0.112345494, -0.29226813, -0.29226813, -0.29226813, -0.29226813, -0.29226813, -0.29226813, 0.0, 0.0, 0.0, -0.20893396, -0.20893396, -0.20893396, -0.20893396, -0.20893396, -0.20893396, 0.0, 0.0, 0.0]",0.9454465,13.912326411204958,0.3295704,4.785230220842436
train,17_2,17,2,0.31972393,0.047,"[-0.2980129, -0.2944472, -0.2944472, -0.21463995, -0.20559366, -0.20559366, 0.0, -0.20559366, -0.20559366, 0.0, -0.38735828, 0.0, 0.0, -0.20185901, -0.20185901, 0.0, -0.20185901, -0.20185901, 0.0, -0.3057205, -0.3057205, 0.0, -0.20146465, 0.0, 0.0, -0.20146465, 0.0, 0.0, -0.3025723, -0.3025723, -0.30217797]",0.98258615,14.458839615551824,0.42796332,6.213855724683924
train,17_3,17,3,0.2186746,0.112,"[-0.30077738, -0.2948416, -0.2948416, -0.2948416, -0.20559366, -0.20559366, 0.0, -0.20559366, -0.20559366, 0.0, -0.20559366, -0.20559366, 0.0, -0.20185901, -0.20185901, 0.0, -0.20185901, -0.20185901, 0.0, -0.20185901, 0.0, -0.20185901, -0.20146465, 0.0, 0.0, -0.20146465, 0.0, 0.0, -0.20146465, 0.0, 0.0]",0.9817239,14.44615166816925,0.44718012,6.492876036706008
train,17_4,17,4,0.16276386,0.121,"[-0.29998866, -0.2948416, -0.2948416, -0.2866275, -0.20559366, -0.20559366, 0.0, -0.20559366, -0.20559366, 0.0, -0.10937761, -0.10937761, 0.0, -0.20185901, -0.20185901, 0.0, -0.20185901, -0.20185901, 0.0, 0.0, 0.0, 0.0, -0.20146465, 0.0, 0.0, -0.20146465, 0.0, 0.0, 0.0, 0.0, 0.0]",0.98189735,14.44870399271531,0.46126276,6.69735032776174
train,17_6,17,6,0.2381949,0.183,"[-0.29841116, -0.2866275, -0.2866275, -0.2866275, -0.10937761, -0.10937761, 0.0, -0.10937761, -0.10937761, 0.0, -0.10937761, -0.10937761, 0.0, 0.0, 0.0, 0.0, 0.0, 0.0, 0.0, 0.0, 0.0, 0.0, 0.0, 0.0, 0.0, 0.0, 0.0, 0.0, 0.0, 0.0, 0.0]",0.9619458,14.155114748745746,0.46309578,6.723965066872438
train,17_7,17,7,0.1702117,0.351,"[-0.29959428, -0.29034016, -0.29034016, -0.29034016, -0.2007198, -0.10977198, 0.0, -0.2007198, -0.10977198, 0.0, -0.2007198, -0.10977198, 0.0, -0.10566491, 0.0, 0.0, -0.10566491, 0.0, 0.0, -0.10566491, 0.0, 0.0, 0.0, 0.0, 0.0, 0.0, 0.0, 0.0, 0.0, 0.0, 0.0]",0.9788294,14.403558546311615,0.46221143,6.7111245997900255
train,17_8,17,8,1.1061599,0.317,"[-0.3033948, -0.38002032, -0.295236, -0.295236, -0.21231815, -0.21231815, -0.21231815, -0.20559366, -0.20559366, 0.0, -0.20559366, -0.20559366, 0.0, -0.29226813, -0.29226813, -0.29226813, -0.20185901, -0.20185901, 0.0, -0.20185901, 0.0, -0.20185901, -0.20893396, -0.20893396, -0.20893396, -0.20146465, 0.0, 0.0, -0.20146465, 0.0, 0.0]",0.9760567,14.362758191248531,0.37464735,5.439729260966061
train,17_10,17,10,0.5698793,0.804,"[-0.30063418, -0.36763325, -0.28702182, -0.28702182, -0.112345494, -0.112345494, -0.112345494, -0.10937761, -0.10937761, 0.0, -0.10937761, -0.10937761, 0.0, 0.0, 0.0, 0.0, 0.0, 0.0, 0.0, 0.0, 0.0, 0.0, 0.0, 0.0, 0.0, 0.0, 0.0, 0.0, 0.0, 0.0, 0.0]",0.9608463,14.13893599322114,0.42208767,6.128543685620571
train,17_11,17,11,1.2607276,0.843,"[-0.3022556, -0.38002032, -0.38002032, -0.20229729, -0.21231815, -0.21231815, -0.21231815, -0.21231815, -0.21231815, -0.21231815, -0.10566491, 0.0, 0.0, -0.29226813, -0.29226813, -0.29226813, -0.29226813, -0.29226813, -0.29226813, 0.0, 0.0, 0.0, -0.20893396, -0.20893396, -0.20893396, -0.20893396, -0.20893396, -0.20893396, 0.0, 0.0, 0.0]",0.9701773,14.276242282924386,0.3742903,5.43454486937361
train,17_12,17,12,0.9331944,0.866,"[-0.30364603, -0.3680276, -0.3680276, -0.2956303, -0.112345494, -0.112345494, -0.112345494, -0.112345494, -0.112345494, -0.112345494, -0.20559366, -0.20559366, 0.0, 0.0, 0.0, 0.0, 0.0, 0.0, 0.0, -0.20185901, 0.0, -0.20185901, 0.0, 0.0, 0.0, 0.0, 0.0, 0.0, -0.20146465, 0.0, 0.0]",0.9660405,14.215368903957142,0.39300895,5.706332303883983
train,17_13,17,13,0.6990049,1.194,"[-0.30285725, -0.3680276, -0.3680276, -0.28741622, -0.112345494, -0.112345494, -0.112345494, -0.112345494, -0.112345494, -0.112345494, -0.10937761, -0.10937761, 0.0, 0.0, 0.0, 0.0, 0.0, 0.0, 0.0, 0.0, 0.0, 0.0, 0.0, 0.0, 0.0, 0.0, 0.0, 0.0, 0.0, 0.0, 0.0]",0.9663575,14.22003413222535,0.40664047,5.9042565460677565
train,17_15,17,15,1.3233548,2.071,"[-0.30088156, -0.36763325, -0.36763325, -0.2154287, -0.112345494, -0.112345494, -0.112345494, -0.112345494, -0.112345494, -0.112345494, -0.38735828, 0.0, 0.0, 0.0, 0.0, 0.0, 0.0, 0.0, 0.0, -0.3057205, -0.3057205, 0.0, 0.0, 0.0, 0.0, 0.0, 0.0, 0.0, -0.3025723, -0.3025723, -0.30217797]",0.9676181,14.238583655189132,0.37454283,5.4382117197495745
train,17_16,17,16,2.9849236,2.724,"[-0.30324775, -0.38002032, -0.38002032, -0.2154287, -0.21231815, -0.21231815, -0.21231815, -0.21231815, -0.21231815, -0.21231815, -0.38735828, 0.0, 0.0, -0.29226813, -0.29226813, -0.29226813, -0.29226813, -0.29226813, -0.29226813, -0.3057205, -0.3057205, 0.0, -0.20893396, -0.20893396, -0.20893396, -0.20893396, -0.20893396, -0.20893396, -0.3025723, -0.3025723, -0.30217797]",0.97350353,14.325188149348037,0.3293016,4.781327106564504
train,17_17,17,17,3.0480254,3.029,"[-0.30744654, -0.38080904, -0.38080904, -0.36842197, -0.21231815, -0.21231815, -0.21231815, -0.21231815, -0.21231815, -0.21231815, -0.112345494, -0.112345494, -0.112345494, -0.29226813, -0.29226813, -0.29226813, -0.29226813, -0.29226813, -0.29226813, 0.0, 0.0, 0.0, -0.20893396, -0.20893396, -0.20893396, -0.20893396, -0.20893396, -0.20893396, 0.0, 0.0, 0.0]",0.9722414,14.306615822109961,0.3295704,4.785230220842436
train,18_1,18,1,0.12799896,0.005,"[-0.29069063, -0.2051993, -0.2051993, -0.2051993, -0.20146462, 0.0, 0.0, -0.20146462, 0.0, 0.0, -0.20146462, 0.0, 0.0, -0.19698514, 0.0, 0.0, -0.19698514, 0.0, 0.0, -0.19698514, 0.0, 0.0, -0.105270535, 0.0, 0.0, -0.105270535, 0.0, 0.0, -0.105270535, 0.0, 0.0]",0.9714042,14.294296251465994,0.48349938,7.020217065898493
train,18_2,18,2,0.35104024,0.039,"[-0.2980129, -0.2944472, -0.2944472, -0.21463995, -0.20559366, -0.20559366, 0.0, -0.20559366, -0.20559366, 0.0, -0.38735828, 0.0, 0.0, -0.20185901, -0.20185901, 0.0, -0.20185901, -0.20185901, 0.0, -0.3057205, -0.3057205, 0.0, -0.20146465, 0.0, 0.0, -0.20146465, 0.0, 0.0, -0.3025723, -0.3025723, -0.30217797]",0.9781339,14.393324689678138,0.42796332,6.213855724683924
train,18_3,18,3,0.24118061,0.084,"[-0.30077738, -0.2948416, -0.2948416, -0.2948416, -0.20559366, -0.20559366, 0.0, -0.20559366, -0.20559366, 0.0, -0.20559366, -0.20559366, 0.0, -0.20185901, -0.20185901, 0.0, -0.20185901, -0.20185901, 0.0, -0.20185901, 0.0, -0.20185901, -0.20146465, 0.0, 0.0, -0.20146465, 0.0, 0.0, -0.20146465, 0.0, 0.0]",0.9770565,14.377470456518495,0.44718012,6.492876036706008
train,18_4,18,4,0.17935263,0.224,"[-0.29998866, -0.2948416, -0.2948416, -0.2866275, -0.20559366, -0.20559366, 0.0, -0.20559366, -0.20559366, 0.0, -0.10937761, -0.10937761, 0.0, -0.20185901, -0.20185901, 0.0, -0.20185901, -0.20185901, 0.0, 0.0, 0.0, 0.0, -0.20146465, 0.0, 0.0, -0.20146465, 0.0, 0.0, 0.0, 0.0, 0.0]",0.9772731,14.380657792394913,0.46126276,6.69735032776174
train,18_5,18,5,0.1899729,0.106,"[-0.2991999, -0.2948416, -0.2866275, -0.2866275, -0.20559366, -0.20559366, 0.0, -0.10937761, -0.10937761, 0.0, -0.10937761, -0.10937761, 0.0, -0.20185901, -0.20185901, 0.0, 0.0, 0.0, 0.0, 0.0, 0.0, 0.0, -0.20146465, 0.0, 0.0, 0.0, 0.0, 0.0, 0.0, 0.0, 0.0]",0.973847,14.330241927366728,0.46195722,6.707433517218988
train,18_6,18,6,0.29059547,0.155,"[-0.29841116, -0.2866275, -0.2866275, -0.2866275, -0.10937761, -0.10937761, 0.0, -0.10937761, -0.10937761, 0.0, -0.10937761, -0.10937761, 0.0, 0.0, 0.0, 0.0, 0.0, 0.0, 0.0, 0.0, 0.0, 0.0, 0.0, 0.0, 0.0, 0.0, 0.0, 0.0, 0.0, 0.0, 0.0]",0.95247185,14.01570520328255,0.46309578,6.723965066872438
train,18_7,18,7,0.19058625,0.185,"[-0.29959428, -0.29034016, -0.29034016, -0.29034016, -0.2007198, -0.10977198, 0.0, -0.2007198, -0.10977198, 0.0, -0.2007198, -0.10977198, 0.0, -0.10566491, 0.0, 0.0, -0.10566491, 0.0, 0.0, -0.10566491, 0.0, 0.0, 0.0, 0.0, 0.0, 0.0, 0.0, 0.0, 0.0, 0.0, 0.0]",0.97344255,14.324290888863288,0.46221143,6.7111245997900255
train,18_8,18,8,1.2564762,0.64,"[-0.3033948, -0.38002032, -0.295236, -0.295236, -0.21231815, -0.21231815, -0.21231815, -0.20559366, -0.20559366, 0.0, -0.20559366, -0.20559366, 0.0, -0.29226813, -0.29226813, -0.29226813, -0.20185901, -0.20185901, 0.0, -0.20185901, 0.0, -0.20185901, -0.20893396, -0.20893396, -0.20893396, -0.20146465, 0.0, 0.0, -0.20146465, 0.0, 0.0]",0.96998596,14.273426832136465,0.37464735,5.439729260966061
train,18_11,18,11,1.4757882,0.9,"[-0.3022556, -0.38002032, -0.38002032, -0.20229729, -0.21231815, -0.21231815, -0.21231815, -0.21231815, -0.21231815, -0.21231815, -0.10566491, 0.0, 0.0, -0.29226813, -0.29226813, -0.29226813, -0.29226813, -0.29226813, -0.29226813, 0.0, 0.0, 0.0, -0.20893396, -0.20893396, -0.20893396, -0.20893396, -0.20893396, -0.20893396, 0.0, 0.0, 0.0]",0.962673,14.165816093002263,0.3742903,5.43454486937361
train,18_12,18,12,1.1154461,0.668,"[-0.30364603, -0.3680276, -0.3680276, -0.2956303, -0.112345494, -0.112345494, -0.112345494, -0.112345494, -0.112345494, -0.112345494, -0.20559366, -0.20559366, 0.0, 0.0, 0.0, 0.0, 0.0, 0.0, 0.0, -0.20185901, 0.0, -0.20185901, 0.0, 0.0, 0.0, 0.0, 0.0, 0.0, -0.20146465, 0.0, 0.0]",0.95754087,14.09029623032552,0.39300895,5.706332303883983
train,18_13,18,13,0.8341854,1.16,"[-0.30285725, -0.3680276, -0.3680276, -0.28741622, -0.112345494, -0.112345494, -0.112345494, -0.112345494, -0.112345494, -0.112345494, -0.10937761, -0.10937761, 0.0, 0.0, 0.0, 0.0, 0.0, 0.0, 0.0, 0.0, 0.0, 0.0, 0.0, 0.0, 0.0, 0.0, 0.0, 0.0, 0.0, 0.0, 0.0]",0.9579339,14.096079745121642,0.40664047,5.9042565460677565
train,18_15,18,15,1.5692943,1.836,"[-0.30088156, -0.36763325, -0.36763325, -0.2154287, -0.112345494, -0.112345494, -0.112345494, -0.112345494, -0.112345494, -0.112345494, -0.38735828, 0.0, 0.0, 0.0, 0.0, 0.0, 0.0, 0.0, 0.0, -0.3057205, -0.3057205, 0.0, 0.0, 0.0, 0.0, 0.0, 0.0, 0.0, -0.3025723, -0.3025723, -0.30217797]",0.9594968,14.119077855747832,0.37454283,5.4382117197495745
train,18_17,18,17,3.5306697,1.272,"[-0.30744654, -0.38080904, -0.38080904, -0.36842197, -0.21231815, -0.21231815, -0.21231815, -0.21231815, -0.21231815, -0.21231815, -0.112345494, -0.112345494, -0.112345494, -0.29226813, -0.29226813, -0.29226813, -0.29226813, -0.29226813, -0.29226813, 0.0, 0.0, 0.0, -0.20893396, -0.20893396, -0.20893396, -0.20893396, -0.20893396, -0.20893396, 0.0, 0.0, 0.0]",0.96523786,14.20355804404744,0.3295704,4.785230220842436
train,19_2,19,2,0.34955764,0.056,"[-0.2980129, -0.2944472, -0.2944472, -0.21463995, -0.20559366, -0.20559366, 0.0, -0.20559366, -0.20559366, 0.0, -0.38735828, 0.0, 0.0, -0.20185901, -0.20185901, 0.0, -0.20185901, -0.20185901, 0.0, -0.3057205, -0.3057205, 0.0, -0.20146465, 0.0, 0.0, -0.20146465, 0.0, 0.0, -0.3025723, -0.3025723, -0.30217797]",0.97833574,14.396294507861285,0.42796332,6.213855724683924
train,19_4,19,4,0.17856517,0.178,"[-0.29998866, -0.2948416, -0.2948416, -0.2866275, -0.20559366, -0.20559366, 0.0, -0.20559366, -0.20559366, 0.0, -0.10937761, -0.10937761, 0.0, -0.20185901, -0.20185901, 0.0, -0.20185901, -0.20185901, 0.0, 0.0, 0.0, 0.0, -0.20146465, 0.0, 0.0, -0.20146465, 0.0, 0.0, 0.0, 0.0, 0.0]",0.9774828,14.383743386124479,0.46126276,6.69735032776174
train,19_5,19,5,0.18901655,0.132,"[-0.2991999, -0.2948416, -0.2866275, -0.2866275, -0.20559366, -0.20559366, 0.0, -0.10937761, -0.10937761, 0.0, -0.10937761, -0.10937761, 0.0, -0.20185901, -0.20185901, 0.0, 0.0, 0.0, 0.0, 0.0, 0.0, 0.0, -0.20146465, 0.0, 0.0, 0.0, 0.0, 0.0, 0.0, 0.0, 0.0]",0.9740874,14.333780098232296,0.46195722,6.707433517218988
train,19_7,19,7,0.18961199,0.358,"[-0.29959428, -0.29034016, -0.29034016, -0.29034016, -0.2007198, -0.10977198, 0.0, -0.2007198, -0.10977198, 0.0, -0.2007198, -0.10977198, 0.0, -0.10566491, 0.0, 0.0, -0.10566491, 0.0, 0.0, -0.10566491, 0.0, 0.0, 0.0, 0.0, 0.0, 0.0, 0.0, 0.0, 0.0, 0.0, 0.0]",0.9736867,14.327883439152174,0.46221143,6.7111245997900255
train,19_10,19,10,0.6926398,0.548,"[-0.30063418, -0.36763325, -0.28702182, -0.28702182, -0.112345494, -0.112345494, -0.112345494, -0.10937761, -0.10937761, 0.0, -0.10937761, -0.10937761, 0.0, 0.0, 0.0, 0.0, 0.0, 0.0, 0.0, 0.0, 0.0, 0.0, 0.0, 0.0, 0.0, 0.0, 0.0, 0.0, 0.0, 0.0, 0.0]",0.9515513,14.002159464351507,0.42208767,6.128543685620571
train,19_11,19,11,1.4653177,1.299,"[-0.3022556, -0.38002032, -0.38002032, -0.20229729, -0.21231815, -0.21231815, -0.21231815, -0.21231815, -0.21231815, -0.21231815, -0.10566491, 0.0, 0.0, -0.29226813, -0.29226813, -0.29226813, -0.29226813, -0.29226813, -0.29226813, 0.0, 0.0, 0.0, -0.20893396, -0.20893396, -0.20893396, -0.20893396, -0.20893396, -0.20893396, 0.0, 0.0, 0.0]",0.9630122,14.17080759781038,0.3742903,5.43454486937361
train,19_12,19,12,1.1064955,0.856,"[-0.30364603, -0.3680276, -0.3680276, -0.2956303, -0.112345494, -0.112345494, -0.112345494, -0.112345494, -0.112345494, -0.112345494, -0.20559366, -0.20559366, 0.0, 0.0, 0.0, 0.0, 0.0, 0.0, 0.0, -0.20185901, 0.0, -0.20185901, 0.0, 0.0, 0.0, 0.0, 0.0, 0.0, -0.20146465, 0.0, 0.0]",0.9579246,14.095942919475874,0.39300895,5.706332303883983
train,19_13,19,13,0.8275533,1.157,"[-0.30285725, -0.3680276, -0.3680276, -0.28741622, -0.112345494, -0.112345494, -0.112345494, -0.112345494, -0.112345494, -0.112345494, -0.10937761, -0.10937761, 0.0, 0.0, 0.0, 0.0, 0.0, 0.0, 0.0, 0.0, 0.0, 0.0, 0.0, 0.0, 0.0, 0.0, 0.0, 0.0, 0.0, 0.0, 0.0]",0.9583142,14.101675563198569,0.40664047,5.9042565460677565
train,19_16,19,16,3.4135354,3.297,"[-0.30324775, -0.38002032, -0.38002032, -0.2154287, -0.21231815, -0.21231815, -0.21231815, -0.21231815, -0.21231815, -0.21231815, -0.38735828, 0.0, 0.0, -0.29226813, -0.29226813, -0.29226813, -0.29226813, -0.29226813, -0.29226813, -0.3057205, -0.3057205, 0.0, -0.20893396, -0.20893396, -0.20893396, -0.20893396, -0.20893396, -0.20893396, -0.3025723, -0.3025723, -0.30217797]",0.9671106,14.231115255357622,0.3293016,4.781327106564504
train,20_2,20,2,0.2547579,0.026,"[-0.2980129, -0.2944472, -0.2944472, -0.21463995, -0.20559366, -0.20559366, 0.0, -0.20559366, -0.20559366, 0.0, -0.38735828, 0.0, 0.0, -0.20185901, -0.20185901, 0.0, -0.20185901, -0.20185901, 0.0, -0.3057205, -0.3057205, 0.0, -0.20146465, 0.0, 0.0, -0.20146465, 0.0, 0.0, -0.3025723, -0.3025723, -0.30217797]",0.99340844,14.618090633826341,0.42796332,6.213855724683924
train,20_3,20,3,0.1723065,0.066,"[-0.30077738, -0.2948416, -0.2948416, -0.2948416, -0.20559366, -0.20559366, 0.0, -0.20559366, -0.20559366, 0.0, -0.20559366, -0.20559366, 0.0, -0.20185901, -0.20185901, 0.0, -0.20185901, -0.20185901, 0.0, -0.20185901, 0.0, -0.20185901, -0.20146465, 0.0, 0.0, -0.20146465, 0.0, 0.0, -0.20146465, 0.0, 0.0]",0.99307823,14.613231569226627,0.44718012,6.492876036706008
train,20_4,20,4,0.12853916,0.076,"[-0.29998866, -0.2948416, -0.2948416, -0.2866275, -0.20559366, -0.20559366, 0.0, -0.20559366, -0.20559366, 0.0, -0.10937761, -0.10937761, 0.0, -0.20185901, -0.20185901, 0.0, -0.20185901, -0.20185901, 0.0, 0.0, 0.0, 0.0, -0.20146465, 0.0, 0.0, -0.20146465, 0.0, 0.0, 0.0, 0.0, 0.0]",0.99314475,14.614210398846353,0.46126276,6.69735032776174
train,20_7,20,7,0.12919174,0.256,"[-0.29959428, -0.29034016, -0.29034016, -0.29034016, -0.2007198, -0.10977198, 0.0, -0.2007198, -0.10977198, 0.0, -0.2007198, -0.10977198, 0.0, -0.10566491, 0.0, 0.0, -0.10566491, 0.0, 0.0, -0.10566491, 0.0, 0.0, 0.0, 0.0, 0.0, 0.0, 0.0, 0.0, 0.0, 0.0, 0.0]",0.9919673,14.59688441290723,0.46221143,6.7111245997900255
train,20_9,20,9,0.4456709,0.821,"[-0.3022117, -0.36763325, -0.295236, -0.295236, -0.112345494, -0.112345494, -0.112345494, -0.20559366, -0.20559366, 0.0, -0.20559366, -0.20559366, 0.0, 0.0, 0.0, 0.0, -0.20185901, -0.20185901, 0.0, -0.20185901, 0.0, -0.20185901, 0.0, 0.0, 0.0, -0.20146465, 0.0, 0.0, -0.20146465, 0.0, 0.0]",0.98683536,14.521367181492906,0.4076197,5.918474786527213
train,20_11,20,11,0.85604024,0.93,"[-0.3022556, -0.38002032, -0.38002032, -0.20229729, -0.21231815, -0.21231815, -0.21231815, -0.21231815, -0.21231815, -0.21231815, -0.10566491, 0.0, 0.0, -0.29226813, -0.29226813, -0.29226813, -0.29226813, -0.29226813, -0.29226813, 0.0, 0.0, 0.0, -0.20893396, -0.20893396, -0.20893396, -0.20893396, -0.20893396, -0.20893396, 0.0, 0.0, 0.0]",0.98862207,14.547658755579732,0.3742903,5.43454486937361
train,20_14,20,14,0.87538016,1.729,"[-0.30508035, -0.36842197, -0.36842197, -0.36842197, -0.112345494, -0.112345494, -0.112345494, -0.112345494, -0.112345494, -0.112345494, -0.112345494, -0.112345494, -0.112345494, 0.0, 0.0, 0.0, 0.0, 0.0, 0.0, 0.0, 0.0, 0.0, 0.0, 0.0, 0.0, 0.0, 0.0, 0.0, 0.0, 0.0, 0.0]",0.9870271,14.524188771893137,0.37482798,5.442351963365013
train,20_15,20,15,0.86957407,1.076,"[-0.30088156, -0.36763325, -0.36763325, -0.2154287, -0.112345494, -0.112345494, -0.112345494, -0.112345494, -0.112345494, -0.112345494, -0.38735828, 0.0, 0.0, 0.0, 0.0, 0.0, 0.0, 0.0, 0.0, -0.3057205, -0.3057205, 0.0, 0.0, 0.0, 0.0, 0.0, 0.0, 0.0, -0.3025723, -0.3025723, -0.30217797]",0.9876255,14.532993853033304,0.37454283,5.4382117197495745
train,20_17,20,17,2.125208,2.479,"[-0.30744654, -0.38080904, -0.38080904, -0.36842197, -0.21231815, -0.21231815, -0.21231815, -0.21231815, -0.21231815, -0.21231815, -0.112345494, -0.112345494, -0.112345494, -0.29226813, -0.29226813, -0.29226813, -0.29226813, -0.29226813, -0.29226813, 0.0, 0.0, 0.0, -0.20893396, -0.20893396, -0.20893396, -0.20893396, -0.20893396, -0.20893396, 0.0, 0.0, 0.0]",0.9894235,14.559452073739976,0.3295704,4.785230220842436
vali,1_2,1,2,2.02307,1.346,"[-0.2980129, -0.2944472, -0.2944472, -0.21463995, -0.20559366, -0.20559366, 0.0, -0.20559366, -0.20559366, 0.0, -0.38735828, 0.0, 0.0, -0.20185901, -0.20185901, 0.0, -0.20185901, -0.20185901, 0.0, -0.3057205, -0.3057205, 0.0, -0.20146465, 0.0, 0.0, -0.20146465, 0.0, 0.0, -0.3025723, -0.3025723, -0.30217797]",0.89468443,13.16535837328297,0.42796332,6.213855724683924
vali,1_6,1,6,8.447695,5.941,"[-0.29841116, -0.2866275, -0.2866275, -0.2866275, -0.10937761, -0.10937761, 0.0, -0.10937761, -0.10937761, 0.0, -0.10937761, -0.10937761, 0.0, 0.0, 0.0, 0.0, 0.0, 0.0, 0.0, 0.0, 0.0, 0.0, 0.0, 0.0, 0.0, 0.0, 0.0, 0.0, 0.0, 0.0, 0.0]",0.7919201,11.653172738390936,0.46309578,6.723965066872438
vali,1_9,1,9,18.76664,20.67,"[-0.3022117, -0.36763325, -0.295236, -0.295236, -0.112345494, -0.112345494, -0.112345494, -0.20559366, -0.20559366, 0.0, -0.20559366, -0.20559366, 0.0, 0.0, 0.0, 0.0, -0.20185901, -0.20185901, 0.0, -0.20185901, 0.0, -0.20185901, 0.0, 0.0, 0.0, -0.20146465, 0.0, 0.0, -0.20146465, 0.0, 0.0]",0.8086292,11.899048423836234,0.4076197,5.918474786527213
vali,1_13,1,13,17.770237,30.96,"[-0.30285725, -0.3680276, -0.3680276, -0.28741622, -0.112345494, -0.112345494, -0.112345494, -0.112345494, -0.112345494, -0.112345494, -0.10937761, -0.10937761, 0.0, 0.0, 0.0, 0.0, 0.0, 0.0, 0.0, 0.0, 0.0, 0.0, 0.0, 0.0, 0.0, 0.0, 0.0, 0.0, 0.0, 0.0, 0.0]",0.81219494,11.951518427725887,0.40664047,5.9042565460677565
vali,2_1,2,1,0.8438125,0.112,"[-0.29069063, -0.2051993, -0.2051993, -0.2051993, -0.20146462, 0.0, 0.0, -0.20146462, 0.0, 0.0, -0.20146462, 0.0, 0.0, -0.19698514, 0.0, 0.0, -0.19698514, 0.0, 0.0, -0.19698514, 0.0, 0.0, -0.105270535, 0.0, 0.0, -0.105270535, 0.0, 0.0, -0.105270535, 0.0, 0.0]",0.88154924,12.972072852711108,0.48349938,7.020217065898493
vali,2_4,2,4,0.8341743,2.323,"[-0.29998866, -0.2948416, -0.2948416, -0.2866275, -0.20559366, -0.20559366, 0.0, -0.20559366, -0.20559366, 0.0, -0.10937761, -0.10937761, 0.0, -0.20185901, -0.20185901, 0.0, -0.20185901, -0.20185901, 0.0, 0.0, 0.0, 0.0, -0.20146465, 0.0, 0.0, -0.20146465, 0.0, 0.0, 0.0, 0.0, 0.0]",0.90403783,13.302994447876017,0.46126276,6.69735032776174
vali,2_11,2,11,15.828162,12.46,"[-0.3022556, -0.38002032, -0.38002032, -0.20229729, -0.21231815, -0.21231815, -0.21231815, -0.21231815, -0.21231815, -0.21231815, -0.10566491, 0.0, 0.0, -0.29226813, -0.29226813, -0.29226813, -0.29226813, -0.29226813, -0.29226813, 0.0, 0.0, 0.0, -0.20893396, -0.20893396, -0.20893396, -0.20893396, -0.20893396, -0.20893396, 0.0, 0.0, 0.0]",0.8496295,12.502371460888526,0.3742903,5.43454486937361
vali,2_13,2,13,11.476392,16.62,"[-0.30285725, -0.3680276, -0.3680276, -0.28741622, -0.112345494, -0.112345494, -0.112345494, -0.112345494, -0.112345494, -0.112345494, -0.10937761, -0.10937761, 0.0, 0.0, 0.0, 0.0, 0.0, 0.0, 0.0, 0.0, 0.0, 0.0, 0.0, 0.0, 0.0, 0.0, 0.0, 0.0, 0.0, 0.0, 0.0]",0.83302706,12.258064884932196,0.40664047,5.9042565460677565
vali,2_17,2,17,32.949047,26.49,"[-0.30744654, -0.38080904, -0.38080904, -0.36842197, -0.21231815, -0.21231815, -0.21231815, -0.21231815, -0.21231815, -0.21231815, -0.112345494, -0.112345494, -0.112345494, -0.29226813, -0.29226813, -0.29226813, -0.29226813, -0.29226813, -0.29226813, 0.0, 0.0, 0.0, -0.20893396, -0.20893396, -0.20893396, -0.20893396, -0.20893396, -0.20893396, 0.0, 0.0, 0.0]",0.85882294,12.637653432704383,0.3295704,4.785230220842436
vali,3_1,3,1,0.47895566,0.03,"[-0.29069063, -0.2051993, -0.2051993, -0.2051993, -0.20146462, 0.0, 0.0, -0.20146462, 0.0, 0.0, -0.20146462, 0.0, 0.0, -0.19698514, 0.0, 0.0, -0.19698514, 0.0, 0.0, -0.19698514, 0.0, 0.0, -0.105270535, 0.0, 0.0, -0.105270535, 0.0, 0.0, -0.105270535, 0.0, 0.0]",0.9085319,13.36912508915566,0.48349938,7.020217065898493
vali,3_12,3,12,7.2562737,6.704,"[-0.30364603, -0.3680276, -0.3680276, -0.2956303, -0.112345494, -0.112345494, -0.112345494, -0.112345494, -0.112345494, -0.112345494, -0.20559366, -0.20559366, 0.0, 0.0, 0.0, 0.0, 0.0, 0.0, 0.0, -0.20185901, 0.0, -0.20185901, 0.0, 0.0, 0.0, 0.0, 0.0, 0.0, -0.20146465, 0.0, 0.0]",0.8683194,12.777394517232324,0.39300895,5.706332303883983
vali,3_13,3,13,5.3459835,12.68,"[-0.30285725, -0.3680276, -0.3680276, -0.28741622, -0.112345494, -0.112345494, -0.112345494, -0.112345494, -0.112345494, -0.112345494, -0.10937761, -0.10937761, 0.0, 0.0, 0.0, 0.0, 0.0, 0.0, 0.0, 0.0, 0.0, 0.0, 0.0, 0.0, 0.0, 0.0, 0.0, 0.0, 0.0, 0.0, 0.0]",0.8694256,12.793672383641365,0.40664047,5.9042565460677565
vali,5_6,5,6,1.6830323,1.782,"[-0.29841116, -0.2866275, -0.2866275, -0.2866275, -0.10937761, -0.10937761, 0.0, -0.10937761, -0.10937761, 0.0, -0.10937761, -0.10937761, 0.0, 0.0, 0.0, 0.0, 0.0, 0.0, 0.0, 0.0, 0.0, 0.0, 0.0, 0.0, 0.0, 0.0, 0.0, 0.0, 0.0, 0.0, 0.0]",0.86878645,12.784267374669753,0.46309578,6.723965066872438
vali,5_14,5,14,7.9656434,13.04,"[-0.30508035, -0.36842197, -0.36842197, -0.36842197, -0.112345494, -0.112345494, -0.112345494, -0.112345494, -0.112345494, -0.112345494, -0.112345494, -0.112345494, -0.112345494, 0.0, 0.0, 0.0, 0.0, 0.0, 0.0, 0.0, 0.0, 0.0, 0.0, 0.0, 0.0, 0.0, 0.0, 0.0, 0.0, 0.0, 0.0]",0.88181484,12.975981154490228,0.37482798,5.442351963365013
vali,6_1,6,1,0.3031211,0.019,"[-0.29069063, -0.2051993, -0.2051993, -0.2051993, -0.20146462, 0.0, 0.0, -0.20146462, 0.0, 0.0, -0.20146462, 0.0, 0.0, -0.19698514, 0.0, 0.0, -0.19698514, 0.0, 0.0, -0.19698514, 0.0, 0.0, -0.105270535, 0.0, 0.0, -0.105270535, 0.0, 0.0, -0.105270535, 0.0, 0.0]",0.9303287,13.68986720711041,0.48349938,7.020217065898493
vali,6_6,6,6,1.1398244,0.957,"[-0.29841116, -0.2866275, -0.2866275, -0.2866275, -0.10937761, -0.10937761, 0.0, -0.10937761, -0.10937761, 0.0, -0.10937761, -0.10937761, 0.0, 0.0, 0.0, 0.0, 0.0, 0.0, 0.0, 0.0, 0.0, 0.0, 0.0, 0.0, 0.0, 0.0, 0.0, 0.0, 0.0, 0.0, 0.0]",0.88735497,13.057504680918782,0.46309578,6.723965066872438
vali,6_13,6,13,2.843132,6.138,"[-0.30285725, -0.3680276, -0.3680276, -0.28741622, -0.112345494, -0.112345494, -0.112345494, -0.112345494, -0.112345494, -0.112345494, -0.10937761, -0.10937761, 0.0, 0.0, 0.0, 0.0, 0.0, 0.0, 0.0, 0.0, 0.0, 0.0, 0.0, 0.0, 0.0, 0.0, 0.0, 0.0, 0.0, 0.0, 0.0]",0.8995108,13.236378777223877,0.40664047,5.9042565460677565
vali,7_2,7,2,0.8029172,0.288,"[-0.2980129, -0.2944472, -0.2944472, -0.21463995, -0.20559366, -0.20559366, 0.0, -0.20559366, -0.20559366, 0.0, -0.38735828, 0.0, 0.0, -0.20185901, -0.20185901, 0.0, -0.20185901, -0.20185901, 0.0, -0.3057205, -0.3057205, 0.0, -0.20146465, 0.0, 0.0, -0.20146465, 0.0, 0.0, -0.3025723, -0.3025723, -0.30217797]",0.9387145,13.813264643668845,0.42796332,6.213855724683924
vali,7_7,7,7,0.51366013,2.428,"[-0.29959428, -0.29034016, -0.29034016, -0.29034016, -0.2007198, -0.10977198, 0.0, -0.2007198, -0.10977198, 0.0, -0.2007198, -0.10977198, 0.0, -0.10566491, 0.0, 0.0, -0.10566491, 0.0, 0.0, -0.10566491, 0.0, 0.0, 0.0, 0.0, 0.0, 0.0, 0.0, 0.0, 0.0, 0.0, 0.0]",0.926204,13.629171876900159,0.46221143,6.7111245997900255
vali,7_15,7,15,6.712851,8.763,"[-0.30088156, -0.36763325, -0.36763325, -0.2154287, -0.112345494, -0.112345494, -0.112345494, -0.112345494, -0.112345494, -0.112345494, -0.38735828, 0.0, 0.0, 0.0, 0.0, 0.0, 0.0, 0.0, 0.0, -0.3057205, -0.3057205, 0.0, 0.0, 0.0, 0.0, 0.0, 0.0, 0.0, -0.3025723, -0.3025723, -0.30217797]",0.8902489,13.100089031901689,0.37454283,5.4382117197495745
vali,8_2,8,2,0.7001471,0.123,"[-0.2980129, -0.2944472, -0.2944472, -0.21463995, -0.20559366, -0.20559366, 0.0, -0.20559366, -0.20559366, 0.0, -0.38735828, 0.0, 0.0, -0.20185901, -0.20185901, 0.0, -0.20185901, -0.20185901, 0.0, -0.3057205, -0.3057205, 0.0, -0.20146465, 0.0, 0.0, -0.20146465, 0.0, 0.0, -0.3025723, -0.3025723, -0.30217797]",0.94524014,13.909289934373874,0.42796332,6.213855724683924
vali,8_4,8,4,0.3669921,0.4,"[-0.29998866, -0.2948416, -0.2948416, -0.2866275, -0.20559366, -0.20559366, 0.0, -0.20559366, -0.20559366, 0.0, -0.10937761, -0.10937761, 0.0, -0.20185901, -0.20185901, 0.0, -0.20185901, -0.20185901, 0.0, 0.0, 0.0, 0.0, -0.20146465, 0.0, 0.0, -0.20146465, 0.0, 0.0, 0.0, 0.0, 0.0]",0.9431596,13.878674319045786,0.46126276,6.69735032776174
vali,8_6,8,6,1.1852502,0.695,"[-0.29841116, -0.2866275, -0.2866275, -0.2866275, -0.10937761, -0.10937761, 0.0, -0.10937761, -0.10937761, 0.0, -0.10937761, -0.10937761, 0.0, 0.0, 0.0, 0.0, 0.0, 0.0, 0.0, 0.0, 0.0, 0.0, 0.0, 0.0, 0.0, 0.0, 0.0, 0.0, 0.0, 0.0, 0.0]",0.885493,13.030105345353718,0.46309578,6.723965066872438
vali,8_15,8,15,5.3128653,6.555,"[-0.30088156, -0.36763325, -0.36763325, -0.2154287, -0.112345494, -0.112345494, -0.112345494, -0.112345494, -0.112345494, -0.112345494, -0.38735828, 0.0, 0.0, 0.0, 0.0, 0.0, 0.0, 0.0, 0.0, -0.3057205, -0.3057205, 0.0, 0.0, 0.0, 0.0, 0.0, 0.0, 0.0, -0.3025723, -0.3025723, -0.30217797]",0.90139294,13.264074568354772,0.37454283,5.4382117197495745
vali,9_5,9,5,0.54031813,1.234,"[-0.2991999, -0.2948416, -0.2866275, -0.2866275, -0.20559366, -0.20559366, 0.0, -0.10937761, -0.10937761, 0.0, -0.10937761, -0.10937761, 0.0, -0.20185901, -0.20185901, 0.0, 0.0, 0.0, 0.0, 0.0, 0.0, 0.0, -0.20146465, 0.0, 0.0, 0.0, 0.0, 0.0, 0.0, 0.0, 0.0]",0.9240444,13.59739236649557,0.46195722,6.707433517218988
vali,9_7,9,7,0.55018836,1.71,"[-0.29959428, -0.29034016, -0.29034016, -0.29034016, -0.2007198, -0.10977198, 0.0, -0.2007198, -0.10977198, 0.0, -0.2007198, -0.10977198, 0.0, -0.10566491, 0.0, 0.0, -0.10566491, 0.0, 0.0, -0.10566491, 0.0, 0.0, 0.0, 0.0, 0.0, 0.0, 0.0, 0.0, 0.0, 0.0, 0.0]",0.92293096,13.58100837250231,0.46221143,6.7111245997900255
vali,9_10,9,10,4.345126,4.37,"[-0.30063418, -0.36763325, -0.28702182, -0.28702182, -0.112345494, -0.112345494, -0.112345494, -0.10937761, -0.10937761, 0.0, -0.10937761, -0.10937761, 0.0, 0.0, 0.0, 0.0, 0.0, 0.0, 0.0, 0.0, 0.0, 0.0, 0.0, 0.0, 0.0, 0.0, 0.0, 0.0, 0.0, 0.0, 0.0]",0.86406004,12.714717846420854,0.42208767,6.128543685620571
vali,9_15,9,15,7.404276,9.354,"[-0.30088156, -0.36763325, -0.36763325, -0.2154287, -0.112345494, -0.112345494, -0.112345494, -0.112345494, -0.112345494, -0.112345494, -0.38735828, 0.0, 0.0, 0.0, 0.0, 0.0, 0.0, 0.0, 0.0, -0.3057205, -0.3057205, 0.0, 0.0, 0.0, 0.0, 0.0, 0.0, 0.0, -0.3025723, -0.3025723, -0.30217797]",0.88557816,13.031358703352453,0.37454283,5.4382117197495745
vali,10_4,10,4,0.5114751,0.828,"[-0.29998866, -0.2948416, -0.2948416, -0.2866275, -0.20559366, -0.20559366, 0.0, -0.20559366, -0.20559366, 0.0, -0.10937761, -0.10937761, 0.0, -0.20185901, -0.20185901, 0.0, -0.20185901, -0.20185901, 0.0, 0.0, 0.0, 0.0, -0.20146465, 0.0, 0.0, -0.20146465, 0.0, 0.0, 0.0, 0.0, 0.0]",0.92734325,13.645935649769172,0.46126276,6.69735032776174
vali,10_6,10,6,2.1974714,1.314,"[-0.29841116, -0.2866275, -0.2866275, -0.2866275, -0.10937761, -0.10937761, 0.0, -0.10937761, -0.10937761, 0.0, -0.10937761, -0.10937761, 0.0, 0.0, 0.0, 0.0, 0.0, 0.0, 0.0, 0.0, 0.0, 0.0, 0.0, 0.0, 0.0, 0.0, 0.0, 0.0, 0.0, 0.0, 0.0]",0.8560789,12.59727495671575,0.46309578,6.723965066872438
vali,10_7,10,7,0.638718,1.819,"[-0.29959428, -0.29034016, -0.29034016, -0.29034016, -0.2007198, -0.10977198, 0.0, -0.2007198, -0.10977198, 0.0, -0.2007198, -0.10977198, 0.0, -0.10566491, 0.0, 0.0, -0.10566491, 0.0, 0.0, -0.10566491, 0.0, 0.0, 0.0, 0.0, 0.0, 0.0, 0.0, 0.0, 0.0, 0.0, 0.0]",0.91582227,13.476403412137643,0.46221143,6.7111245997900255
vali,10_12,10,12,7.0010076,3.454,"[-0.30364603, -0.3680276, -0.3680276, -0.2956303, -0.112345494, -0.112345494, -0.112345494, -0.112345494, -0.112345494, -0.112345494, -0.20559366, -0.20559366, 0.0, 0.0, 0.0, 0.0, 0.0, 0.0, 0.0, -0.20185901, 0.0, -0.20185901, 0.0, 0.0, 0.0, 0.0, 0.0, 0.0, -0.20146465, 0.0, 0.0]",0.87002563,12.802502023230772,0.39300895,5.706332303883983
vali,10_14,10,14,10.168819,6.843,"[-0.30508035, -0.36842197, -0.36842197, -0.36842197, -0.112345494, -0.112345494, -0.112345494, -0.112345494, -0.112345494, -0.112345494, -0.112345494, -0.112345494, -0.112345494, 0.0, 0.0, 0.0, 0.0, 0.0, 0.0, 0.0, 0.0, 0.0, 0.0, 0.0, 0.0, 0.0, 0.0, 0.0, 0.0, 0.0, 0.0]",0.8701804,12.804779819397822,0.37482798,5.442351963365013
vali,11_1,11,1,0.28847432,0.017,"[-0.29069063, -0.2051993, -0.2051993, -0.2051993, -0.20146462, 0.0, 0.0, -0.20146462, 0.0, 0.0, -0.20146462, 0.0, 0.0, -0.19698514, 0.0, 0.0, -0.19698514, 0.0, 0.0, -0.19698514, 0.0, 0.0, -0.105270535, 0.0, 0.0, -0.105270535, 0.0, 0.0, -0.105270535, 0.0, 0.0]",0.93268836,13.724589345986487,0.48349938,7.020217065898493
vali,11_7,11,7,0.406873,0.801,"[-0.29959428, -0.29034016, -0.29034016, -0.29034016, -0.2007198, -0.10977198, 0.0, -0.2007198, -0.10977198, 0.0, -0.2007198, -0.10977198, 0.0, -0.10566491, 0.0, 0.0, -0.10566491, 0.0, 0.0, -0.10566491, 0.0, 0.0, 0.0, 0.0, 0.0, 0.0, 0.0, 0.0, 0.0, 0.0, 0.0]",0.93730843,13.792574150183782,0.46221143,6.7111245997900255
vali,12_3,12,3,0.29811612,0.15,"[-0.30077738, -0.2948416, -0.2948416, -0.2948416, -0.20559366, -0.20559366, 0.0, -0.20559366, -0.20559366, 0.0, -0.20559366, -0.20559366, 0.0, -0.20185901, -0.20185901, 0.0, -0.20185901, -0.20185901, 0.0, -0.20185901, 0.0, -0.20185901, -0.20146465, 0.0, 0.0, -0.20146465, 0.0, 0.0, -0.20146465, 0.0, 0.0]",0.9669587,14.228880436476743,0.44718012,6.492876036706008
vali,12_5,12,5,0.2416088,0.195,"[-0.2991999, -0.2948416, -0.2866275, -0.2866275, -0.20559366, -0.20559366, 0.0, -0.10937761, -0.10937761, 0.0, -0.10937761, -0.10937761, 0.0, -0.20185901, -0.20185901, 0.0, 0.0, 0.0, 0.0, 0.0, 0.0, 0.0, -0.20146465, 0.0, 0.0, 0.0, 0.0, 0.0, 0.0, 0.0, 0.0]",0.9623911,14.161667469255576,0.46195722,6.707433517218988
vali,12_8,12,8,1.6531386,0.937,"[-0.3033948, -0.38002032, -0.295236, -0.295236, -0.21231815, -0.21231815, -0.21231815, -0.20559366, -0.20559366, 0.0, -0.20559366, -0.20559366, 0.0, -0.29226813, -0.29226813, -0.29226813, -0.20185901, -0.20185901, 0.0, -0.20185901, 0.0, -0.20185901, -0.20893396, -0.20893396, -0.20893396, -0.20146465, 0.0, 0.0, -0.20146465, 0.0, 0.0]",0.9569137,14.081067515935956,0.37464735,5.439729260966061
vali,12_14,12,14,2.375385,2.79,"[-0.30508035, -0.36842197, -0.36842197, -0.36842197, -0.112345494, -0.112345494, -0.112345494, -0.112345494, -0.112345494, -0.112345494, -0.112345494, -0.112345494, -0.112345494, 0.0, 0.0, 0.0, 0.0, 0.0, 0.0, 0.0, 0.0, 0.0, 0.0, 0.0, 0.0, 0.0, 0.0, 0.0, 0.0, 0.0, 0.0]",0.9394648,13.824305420777364,0.37482798,5.442351963365013
vali,13_3,13,3,0.27841166,0.169,"[-0.30077738, -0.2948416, -0.2948416, -0.2948416, -0.20559366, -0.20559366, 0.0, -0.20559366, -0.20559366, 0.0, -0.20559366, -0.20559366, 0.0, -0.20185901, -0.20185901, 0.0, -0.20185901, -0.20185901, 0.0, -0.20185901, 0.0, -0.20185901, -0.20146465, 0.0, 0.0, -0.20146465, 0.0, 0.0, -0.20146465, 0.0, 0.0]",0.9702167,14.276822037743955,0.44718012,6.492876036706008
vali,13_10,13,10,0.9393105,1.143,"[-0.30063418, -0.36763325, -0.28702182, -0.28702182, -0.112345494, -0.112345494, -0.112345494, -0.10937761, -0.10937761, 0.0, -0.10937761, -0.10937761, 0.0, 0.0, 0.0, 0.0, 0.0, 0.0, 0.0, 0.0, 0.0, 0.0, 0.0, 0.0, 0.0, 0.0, 0.0, 0.0, 0.0, 0.0, 0.0]",0.9370368,13.788577262569902,0.42208767,6.128543685620571
vali,13_11,13,11,1.8557655,1.593,"[-0.3022556, -0.38002032, -0.38002032, -0.20229729, -0.21231815, -0.21231815, -0.21231815, -0.21231815, -0.21231815, -0.21231815, -0.10566491, 0.0, 0.0, -0.29226813, -0.29226813, -0.29226813, -0.29226813, -0.29226813, -0.29226813, 0.0, 0.0, 0.0, -0.20893396, -0.20893396, -0.20893396, -0.20893396, -0.20893396, -0.20893396, 0.0, 0.0, 0.0]",0.9517572,14.005188924482809,0.3742903,5.43454486937361
vali,13_17,13,17,4.3735876,3.411,"[-0.30744654, -0.38080904, -0.38080904, -0.36842197, -0.21231815, -0.21231815, -0.21231815, -0.21231815, -0.21231815, -0.21231815, -0.112345494, -0.112345494, -0.112345494, -0.29226813, -0.29226813, -0.29226813, -0.29226813, -0.29226813, -0.29226813, 0.0, 0.0, 0.0, -0.20893396, -0.20893396, -0.20893396, -0.20893396, -0.20893396, -0.20893396, 0.0, 0.0, 0.0]",0.9550371,14.053453293940038,0.3295704,4.785230220842436
vali,14_4,14,4,0.19408149,0.145,"[-0.29998866, -0.2948416, -0.2948416, -0.2866275, -0.20559366, -0.20559366, 0.0, -0.20559366, -0.20559366, 0.0, -0.10937761, -0.10937761, 0.0, -0.20185901, -0.20185901, 0.0, -0.20185901, -0.20185901, 0.0, 0.0, 0.0, 0.0, -0.20146465, 0.0, 0.0, -0.20146465, 0.0, 0.0, 0.0, 0.0, 0.0]",0.97351277,14.325324097906332,0.46126276,6.69735032776174
vali,14_6,14,6,0.3410813,0.249,"[-0.29841116, -0.2866275, -0.2866275, -0.2866275, -0.10937761, -0.10937761, 0.0, -0.10937761, -0.10937761, 0.0, -0.10937761, -0.10937761, 0.0, 0.0, 0.0, 0.0, 0.0, 0.0, 0.0, 0.0, 0.0, 0.0, 0.0, 0.0, 0.0, 0.0, 0.0, 0.0, 0.0, 0.0, 0.0]",0.94483954,13.903395029468697,0.46309578,6.723965066872438
vali,14_9,14,9,0.9646626,0.94,"[-0.3022117, -0.36763325, -0.295236, -0.295236, -0.112345494, -0.112345494, -0.112345494, -0.20559366, -0.20559366, 0.0, -0.20559366, -0.20559366, 0.0, 0.0, 0.0, 0.0, -0.20185901, -0.20185901, 0.0, -0.20185901, 0.0, -0.20185901, 0.0, 0.0, 0.0, -0.20146465, 0.0, 0.0, -0.20146465, 0.0, 0.0]",0.9500437,13.97997441381267,0.4076197,5.918474786527213
vali,14_10,14,10,0.8240424,0.988,"[-0.30063418, -0.36763325, -0.28702182, -0.28702182, -0.112345494, -0.112345494, -0.112345494, -0.10937761, -0.10937761, 0.0, -0.10937761, -0.10937761, 0.0, 0.0, 0.0, 0.0, 0.0, 0.0, 0.0, 0.0, 0.0, 0.0, 0.0, 0.0, 0.0, 0.0, 0.0, 0.0, 0.0, 0.0, 0.0]",0.94327474,13.880368852043375,0.42208767,6.128543685620571
vali,14_12,14,12,1.2881902,0.952,"[-0.30364603, -0.3680276, -0.3680276, -0.2956303, -0.112345494, -0.112345494, -0.112345494, -0.112345494, -0.112345494, -0.112345494, -0.20559366, -0.20559366, 0.0, 0.0, 0.0, 0.0, 0.0, 0.0, 0.0, -0.20185901, 0.0, -0.20185901, 0.0, 0.0, 0.0, 0.0, 0.0, 0.0, -0.20146465, 0.0, 0.0]",0.9506805,13.98934521637284,0.39300895,5.706332303883983
vali,14_14,14,14,1.8746346,2.39,"[-0.30508035, -0.36842197, -0.36842197, -0.36842197, -0.112345494, -0.112345494, -0.112345494, -0.112345494, -0.112345494, -0.112345494, -0.112345494, -0.112345494, -0.112345494, 0.0, 0.0, 0.0, 0.0, 0.0, 0.0, 0.0, 0.0, 0.0, 0.0, 0.0, 0.0, 0.0, 0.0, 0.0, 0.0, 0.0, 0.0]",0.9507446,13.99028896249365,0.37482798,5.442351963365013
vali,14_15,14,15,1.8009351,2.609,"[-0.30088156, -0.36763325, -0.36763325, -0.2154287, -0.112345494, -0.112345494, -0.112345494, -0.112345494, -0.112345494, -0.112345494, -0.38735828, 0.0, 0.0, 0.0, 0.0, 0.0, 0.0, 0.0, 0.0, -0.3057205, -0.3057205, 0.0, 0.0, 0.0, 0.0, 0.0, 0.0, 0.0, -0.3025723, -0.3025723, -0.30217797]",0.9529369,14.022548239745902,0.37454283,5.4382117197495745
vali,15_1,15,1,0.12935002,0.005,"[-0.29069063, -0.2051993, -0.2051993, -0.2051993, -0.20146462, 0.0, 0.0, -0.20146462, 0.0, 0.0, -0.20146462, 0.0, 0.0, -0.19698514, 0.0, 0.0, -0.19698514, 0.0, 0.0, -0.19698514, 0.0, 0.0, -0.105270535, 0.0, 0.0, -0.105270535, 0.0, 0.0, -0.105270535, 0.0, 0.0]",0.9709039,14.286933979218702,0.48349938,7.020217065898493
vali,15_2,15,2,0.353892,0.062,"[-0.2980129, -0.2944472, -0.2944472, -0.21463995, -0.20559366, -0.20559366, 0.0, -0.20559366, -0.20559366, 0.0, -0.38735828, 0.0, 0.0, -0.20185901, -0.20185901, 0.0, -0.20185901, -0.20185901, 0.0, -0.3057205, -0.3057205, 0.0, -0.20146465, 0.0, 0.0, -0.20146465, 0.0, 0.0, -0.3025723, -0.3025723, -0.30217797]",0.9777485,14.387653442078545,0.42796332,6.213855724683924
vali,15_3,15,3,0.24323362,0.122,"[-0.30077738, -0.2948416, -0.2948416, -0.2948416, -0.20559366, -0.20559366, 0.0, -0.20559366, -0.20559366, 0.0, -0.20559366, -0.20559366, 0.0, -0.20185901, -0.20185901, 0.0, -0.20185901, -0.20185901, 0.0, -0.20185901, 0.0, -0.20185901, -0.20146465, 0.0, 0.0, -0.20146465, 0.0, 0.0, -0.20146465, 0.0, 0.0]",0.9766526,14.37152731180231,0.44718012,6.492876036706008
vali,15_12,15,12,1.132718,0.832,"[-0.30364603, -0.3680276, -0.3680276, -0.2956303, -0.112345494, -0.112345494, -0.112345494, -0.112345494, -0.112345494, -0.112345494, -0.20559366, -0.20559366, 0.0, 0.0, 0.0, 0.0, 0.0, 0.0, 0.0, -0.20185901, 0.0, -0.20185901, 0.0, 0.0, 0.0, 0.0, 0.0, 0.0, -0.20146465, 0.0, 0.0]",0.9568087,14.079522087808755,0.39300895,5.706332303883983
vali,15_17,15,17,3.5757308,1.895,"[-0.30744654, -0.38080904, -0.38080904, -0.36842197, -0.21231815, -0.21231815, -0.21231815, -0.21231815, -0.21231815, -0.21231815, -0.112345494, -0.112345494, -0.112345494, -0.29226813, -0.29226813, -0.29226813, -0.29226813, -0.29226813, -0.29226813, 0.0, 0.0, 0.0, -0.20893396, -0.20893396, -0.20893396, -0.20893396, -0.20893396, -0.20893396, 0.0, 0.0, 0.0]",0.9646336,14.194666131247459,0.3295704,4.785230220842436
vali,16_10,16,10,1.2371992,1.11,"[-0.30063418, -0.36763325, -0.28702182, -0.28702182, -0.112345494, -0.112345494, -0.112345494, -0.10937761, -0.10937761, 0.0, -0.10937761, -0.10937761, 0.0, 0.0, 0.0, 0.0, 0.0, 0.0, 0.0, 0.0, 0.0, 0.0, 0.0, 0.0, 0.0, 0.0, 0.0, 0.0, 0.0, 0.0, 0.0]",0.9239125,13.595452249005575,0.42208767,6.128543685620571
vali,16_14,16,14,2.6779249,2.773,"[-0.30508035, -0.36842197, -0.36842197, -0.36842197, -0.112345494, -0.112345494, -0.112345494, -0.112345494, -0.112345494, -0.112345494, -0.112345494, -0.112345494, -0.112345494, 0.0, 0.0, 0.0, 0.0, 0.0, 0.0, 0.0, 0.0, 0.0, 0.0, 0.0, 0.0, 0.0, 0.0, 0.0, 0.0, 0.0, 0.0]",0.9337529,13.74025412825199,0.37482798,5.442351963365013
vali,17_1,17,1,0.11335106,0.006,"[-0.29069063, -0.2051993, -0.2051993, -0.2051993, -0.20146462, 0.0, 0.0, -0.20146462, 0.0, 0.0, -0.20146462, 0.0, 0.0, -0.19698514, 0.0, 0.0, -0.19698514, 0.0, 0.0, -0.19698514, 0.0, 0.0, -0.105270535, 0.0, 0.0, -0.105270535, 0.0, 0.0, -0.105270535, 0.0, 0.0]",0.9771947,14.379504422368086,0.48349938,7.020217065898493
vali,17_5,17,5,0.16995054,0.166,"[-0.2991999, -0.2948416, -0.2866275, -0.2866275, -0.20559366, -0.20559366, 0.0, -0.10937761, -0.10937761, 0.0, -0.10937761, -0.10937761, 0.0, -0.20185901, -0.20185901, 0.0, 0.0, 0.0, 0.0, 0.0, 0.0, 0.0, -0.20146465, 0.0, 0.0, 0.0, 0.0, 0.0, 0.0, 0.0, 0.0]",0.97915345,14.408327270901623,0.46195722,6.707433517218988
vali,17_9,17,9,0.69602346,0.755,"[-0.3022117, -0.36763325, -0.295236, -0.295236, -0.112345494, -0.112345494, -0.112345494, -0.20559366, -0.20559366, 0.0, -0.20559366, -0.20559366, 0.0, 0.0, 0.0, 0.0, -0.20185901, -0.20185901, 0.0, -0.20185901, 0.0, -0.20185901, 0.0, 0.0, 0.0, -0.20146465, 0.0, 0.0, -0.20146465, 0.0, 0.0]",0.9655949,14.208811798009947,0.4076197,5.918474786527213
vali,18_9,18,9,0.833818,0.948,"[-0.3022117, -0.36763325, -0.295236, -0.295236, -0.112345494, -0.112345494, -0.112345494, -0.20559366, -0.20559366, 0.0, -0.20559366, -0.20559366, 0.0, 0.0, 0.0, 0.0, -0.20185901, -0.20185901, 0.0, -0.20185901, 0.0, -0.20185901, 0.0, 0.0, 0.0, -0.20146465, 0.0, 0.0, -0.20146465, 0.0, 0.0]",0.9569887,14.08217089197683,0.4076197,5.918474786527213
vali,18_16,18,16,3.4353049,2.55,"[-0.30324775, -0.38002032, -0.38002032, -0.2154287, -0.21231815, -0.21231815, -0.21231815, -0.21231815, -0.21231815, -0.21231815, -0.38735828, 0.0, 0.0, -0.29226813, -0.29226813, -0.29226813, -0.29226813, -0.29226813, -0.29226813, -0.3057205, -0.3057205, 0.0, -0.20893396, -0.20893396, -0.20893396, -0.20893396, -0.20893396, -0.20893396, -0.3025723, -0.3025723, -0.30217797]",0.9668077,14.226658773907957,0.3293016,4.781327106564504
vali,19_1,19,1,0.12729631,0.004,"[-0.29069063, -0.2051993, -0.2051993, -0.2051993, -0.20146462, 0.0, 0.0, -0.20146462, 0.0, 0.0, -0.20146462, 0.0, 0.0, -0.19698514, 0.0, 0.0, -0.19698514, 0.0, 0.0, -0.19698514, 0.0, 0.0, -0.105270535, 0.0, 0.0, -0.105270535, 0.0, 0.0, -0.105270535, 0.0, 0.0]",0.97166646,14.298155436346633,0.48349938,7.020217065898493
vali,19_14,19,14,1.6105189,2.366,"[-0.30508035, -0.36842197, -0.36842197, -0.36842197, -0.112345494, -0.112345494, -0.112345494, -0.112345494, -0.112345494, -0.112345494, -0.112345494, -0.112345494, -0.112345494, 0.0, 0.0, 0.0, 0.0, 0.0, 0.0, 0.0, 0.0, 0.0, 0.0, 0.0, 0.0, 0.0, 0.0, 0.0, 0.0, 0.0, 0.0]",0.95797986,14.096755979563227,0.37482798,5.442351963365013
vali,19_17,19,17,3.507279,2.346,"[-0.30744654, -0.38080904, -0.38080904, -0.36842197, -0.21231815, -0.21231815, -0.21231815, -0.21231815, -0.21231815, -0.21231815, -0.112345494, -0.112345494, -0.112345494, -0.29226813, -0.29226813, -0.29226813, -0.29226813, -0.29226813, -0.29226813, 0.0, 0.0, 0.0, -0.20893396, -0.20893396, -0.20893396, -0.20893396, -0.20893396, -0.20893396, 0.0, 0.0, 0.0]",0.9655546,14.208218886878285,0.3295704,4.785230220842436
vali,20_8,20,8,0.8100746,0.48,"[-0.3033948, -0.38002032, -0.295236, -0.295236, -0.21231815, -0.21231815, -0.21231815, -0.20559366, -0.20559366, 0.0, -0.20559366, -0.20559366, 0.0, -0.29226813, -0.29226813, -0.29226813, -0.20185901, -0.20185901, 0.0, -0.20185901, 0.0, -0.20185901, -0.20893396, -0.20893396, -0.20893396, -0.20146465, 0.0, 0.0, -0.20146465, 0.0, 0.0]",0.9908993,14.5811687595683,0.37464735,5.439729260966061
vali,20_10,20,10,0.34345302,0.283,"[-0.30063418, -0.36763325, -0.28702182, -0.28702182, -0.112345494, -0.112345494, -0.112345494, -0.10937761, -0.10937761, 0.0, -0.10937761, -0.10937761, 0.0, 0.0, 0.0, 0.0, 0.0, 0.0, 0.0, 0.0, 0.0, 0.0, 0.0, 0.0, 0.0, 0.0, 0.0, 0.0, 0.0, 0.0, 0.0]",0.9849727,14.49395819796564,0.42208767,6.128543685620571
vali,20_12,20,12,0.6009478,0.966,"[-0.30364603, -0.3680276, -0.3680276, -0.2956303, -0.112345494, -0.112345494, -0.112345494, -0.112345494, -0.112345494, -0.112345494, -0.20559366, -0.20559366, 0.0, 0.0, 0.0, 0.0, 0.0, 0.0, 0.0, -0.20185901, 0.0, -0.20185901, 0.0, 0.0, 0.0, 0.0, 0.0, 0.0, -0.20146465, 0.0, 0.0]",0.9870096,14.523930908176112,0.39300895,5.706332303883983
test,1_1,1,1,1.1744709,0.175,"[-0.29069063, -0.2051993, -0.2051993, -0.2051993, -0.20146462, 0.0, 0.0, -0.20146462, 0.0, 0.0, -0.20146462, 0.0, 0.0, -0.19698514, 0.0, 0.0, -0.19698514, 0.0, 0.0, -0.19698514, 0.0, 0.0, -0.105270535, 0.0, 0.0, -0.105270535, 0.0, 0.0, -0.105270535, 0.0, 0.0]",0.8657956,12.740256879455956,0.48349938,7.020217065898493
test,1_3,1,3,1.500579,3.584,"[-0.30077738, -0.2948416, -0.2948416, -0.2948416, -0.20559366, -0.20559366, 0.0, -0.20559366, -0.20559366, 0.0, -0.20559366, -0.20559366, 0.0, -0.20185901, -0.20185901, 0.0, -0.20185901, -0.20185901, 0.0, -0.20185901, 0.0, -0.20185901, -0.20146465, 0.0, 0.0, -0.20146465, 0.0, 0.0, -0.20146465, 0.0, 0.0]",0.88995767,13.095803582509234,0.44718012,6.492876036706008
test,1_12,1,12,24.31281,23.62,"[-0.30364603, -0.3680276, -0.3680276, -0.2956303, -0.112345494, -0.112345494, -0.112345494, -0.112345494, -0.112345494, -0.112345494, -0.20559366, -0.20559366, 0.0, 0.0, 0.0, 0.0, 0.0, 0.0, 0.0, -0.20185901, 0.0, -0.20185901, 0.0, 0.0, 0.0, 0.0, 0.0, 0.0, -0.20146465, 0.0, 0.0]",0.8107095,11.929659653726958,0.39300895,5.706332303883983
test,1_15,1,15,30.489164,32.44,"[-0.30088156, -0.36763325, -0.36763325, -0.2154287, -0.112345494, -0.112345494, -0.112345494, -0.112345494, -0.112345494, -0.112345494, -0.38735828, 0.0, 0.0, 0.0, 0.0, 0.0, 0.0, 0.0, 0.0, -0.3057205, -0.3057205, 0.0, 0.0, 0.0, 0.0, 0.0, 0.0, 0.0, -0.3025723, -0.3025723, -0.30217797]",0.8181448,12.039071053442967,0.37454283,5.4382117197495745
test,2_15,2,15,19.910341,20.69,"[-0.30088156, -0.36763325, -0.36763325, -0.2154287, -0.112345494, -0.112345494, -0.112345494, -0.112345494, -0.112345494, -0.112345494, -0.38735828, 0.0, 0.0, 0.0, 0.0, 0.0, 0.0, 0.0, 0.0, -0.3057205, -0.3057205, 0.0, 0.0, 0.0, 0.0, 0.0, 0.0, 0.0, -0.3025723, -0.3025723, -0.30217797]",0.83844817,12.337836867677424,0.37454283,5.4382117197495745
test,3_5,3,5,0.6413084,0.775,"[-0.2991999, -0.2948416, -0.2866275, -0.2866275, -0.20559366, -0.20559366, 0.0, -0.10937761, -0.10937761, 0.0, -0.10937761, -0.10937761, 0.0, -0.20185901, -0.20185901, 0.0, 0.0, 0.0, 0.0, 0.0, 0.0, 0.0, -0.20146465, 0.0, 0.0, 0.0, 0.0, 0.0, 0.0, 0.0, 0.0]",0.9158802,13.477255941161275,0.46195722,6.707433517218988
test,3_8,3,8,4.987293,4.42,"[-0.3033948, -0.38002032, -0.295236, -0.295236, -0.21231815, -0.21231815, -0.21231815, -0.20559366, -0.20559366, 0.0, -0.20559366, -0.20559366, 0.0, -0.29226813, -0.29226813, -0.29226813, -0.20185901, -0.20185901, 0.0, -0.20185901, 0.0, -0.20185901, -0.20893396, -0.20893396, -0.20893396, -0.20146465, 0.0, 0.0, -0.20146465, 0.0, 0.0]",0.9043027,13.306892224605463,0.37464735,5.439729260966061
test,3_14,3,14,10.539186,10.59,"[-0.30508035, -0.36842197, -0.36842197, -0.36842197, -0.112345494, -0.112345494, -0.112345494, -0.112345494, -0.112345494, -0.112345494, -0.112345494, -0.112345494, -0.112345494, 0.0, 0.0, 0.0, 0.0, 0.0, 0.0, 0.0, 0.0, 0.0, 0.0, 0.0, 0.0, 0.0, 0.0, 0.0, 0.0, 0.0, 0.0]",0.8684759,12.779697748936087,0.37482798,5.442351963365013
test,3_17,3,17,17.004963,21.78,"[-0.30744654, -0.38080904, -0.38080904, -0.36842197, -0.21231815, -0.21231815, -0.21231815, -0.21231815, -0.21231815, -0.21231815, -0.112345494, -0.112345494, -0.112345494, -0.29226813, -0.29226813, -0.29226813, -0.29226813, -0.29226813, -0.29226813, 0.0, 0.0, 0.0, -0.20893396, -0.20893396, -0.20893396, -0.20893396, -0.20893396, -0.20893396, 0.0, 0.0, 0.0]",0.8903384,13.101406417285943,0.3295704,4.785230220842436
test,4_1,4,1,0.41407645,0.029,"[-0.29069063, -0.2051993, -0.2051993, -0.2051993, -0.20146462, 0.0, 0.0, -0.20146462, 0.0, 0.0, -0.20146462, 0.0, 0.0, -0.19698514, 0.0, 0.0, -0.19698514, 0.0, 0.0, -0.19698514, 0.0, 0.0, -0.105270535, 0.0, 0.0, -0.105270535, 0.0, 0.0, -0.105270535, 0.0, 0.0]",0.915467,13.471175970799322,0.48349938,7.020217065898493
test,4_3,4,3,0.6288588,0.894,"[-0.30077738, -0.2948416, -0.2948416, -0.2948416, -0.20559366, -0.20559366, 0.0, -0.20559366, -0.20559366, 0.0, -0.20559366, -0.20559366, 0.0, -0.20185901, -0.20185901, 0.0, -0.20185901, -0.20185901, 0.0, -0.20185901, 0.0, -0.20185901, -0.20146465, 0.0, 0.0, -0.20146465, 0.0, 0.0, -0.20146465, 0.0, 0.0]",0.93139493,13.705556547825154,0.44718012,6.492876036706008
test,4_8,4,8,4.285593,5.311,"[-0.3033948, -0.38002032, -0.295236, -0.295236, -0.21231815, -0.21231815, -0.21231815, -0.20559366, -0.20559366, 0.0, -0.20559366, -0.20559366, 0.0, -0.29226813, -0.29226813, -0.29226813, -0.20185901, -0.20185901, 0.0, -0.20185901, 0.0, -0.20185901, -0.20893396, -0.20893396, -0.20893396, -0.20146465, 0.0, 0.0, -0.20146465, 0.0, 0.0]",0.9115274,13.41320399719234,0.37464735,5.439729260966061
test,5_2,5,2,0.8388828,0.373,"[-0.2980129, -0.2944472, -0.2944472, -0.21463995, -0.20559366, -0.20559366, 0.0, -0.20559366, -0.20559366, 0.0, -0.38735828, 0.0, 0.0, -0.20185901, -0.20185901, 0.0, -0.20185901, -0.20185901, 0.0, -0.3057205, -0.3057205, 0.0, -0.20146465, 0.0, 0.0, -0.20146465, 0.0, 0.0, -0.3025723, -0.3025723, -0.30217797]",0.9366268,13.782543777844012,0.42796332,6.213855724683924
test,5_13,5,13,4.0476394,8.842,"[-0.30285725, -0.3680276, -0.3680276, -0.28741622, -0.112345494, -0.112345494, -0.112345494, -0.112345494, -0.112345494, -0.112345494, -0.10937761, -0.10937761, 0.0, 0.0, 0.0, 0.0, 0.0, 0.0, 0.0, 0.0, 0.0, 0.0, 0.0, 0.0, 0.0, 0.0, 0.0, 0.0, 0.0, 0.0, 0.0]",0.88268113,12.988728743820957,0.40664047,5.9042565460677565
test,5_15,5,15,7.230535,13.13,"[-0.30088156, -0.36763325, -0.36763325, -0.2154287, -0.112345494, -0.112345494, -0.112345494, -0.112345494, -0.112345494, -0.112345494, -0.38735828, 0.0, 0.0, 0.0, 0.0, 0.0, 0.0, 0.0, 0.0, -0.3057205, -0.3057205, 0.0, 0.0, 0.0, 0.0, 0.0, 0.0, 0.0, -0.3025723, -0.3025723, -0.30217797]",0.88670945,13.048005823587573,0.37454283,5.4382117197495745
test,6_2,6,2,0.686334,0.204,"[-0.2980129, -0.2944472, -0.2944472, -0.21463995, -0.20559366, -0.20559366, 0.0, -0.20559366, -0.20559366, 0.0, -0.38735828, 0.0, 0.0, -0.20185901, -0.20185901, 0.0, -0.20185901, -0.20185901, 0.0, -0.3057205, -0.3057205, 0.0, -0.20146465, 0.0, 0.0, -0.20146465, 0.0, 0.0, -0.3025723, -0.3025723, -0.30217797]",0.9461895,13.923260183641787,0.42796332,6.213855724683924
test,6_3,6,3,0.4864526,0.618,"[-0.30077738, -0.2948416, -0.2948416, -0.2948416, -0.20559366, -0.20559366, 0.0, -0.20559366, -0.20559366, 0.0, -0.20559366, -0.20559366, 0.0, -0.20185901, -0.20185901, 0.0, -0.20185901, -0.20185901, 0.0, -0.20185901, 0.0, -0.20185901, -0.20146465, 0.0, 0.0, -0.20146465, 0.0, 0.0, -0.20146465, 0.0, 0.0]",0.9436287,13.885577874544765,0.44718012,6.492876036706008
test,6_7,6,7,0.42618135,1.696,"[-0.29959428, -0.29034016, -0.29034016, -0.29034016, -0.2007198, -0.10977198, 0.0, -0.2007198, -0.10977198, 0.0, -0.2007198, -0.10977198, 0.0, -0.10566491, 0.0, 0.0, -0.10566491, 0.0, 0.0, -0.10566491, 0.0, 0.0, 0.0, 0.0, 0.0, 0.0, 0.0, 0.0, 0.0, 0.0, 0.0]",0.9350995,13.760069288439126,0.46221143,6.7111245997900255
test,6_9,6,9,2.9126596,3.754,"[-0.3022117, -0.36763325, -0.295236, -0.295236, -0.112345494, -0.112345494, -0.112345494, -0.20559366, -0.20559366, 0.0, -0.20559366, -0.20559366, 0.0, 0.0, 0.0, 0.0, -0.20185901, -0.20185901, 0.0, -0.20185901, 0.0, -0.20185901, 0.0, 0.0, 0.0, -0.20146465, 0.0, 0.0, -0.20146465, 0.0, 0.0]",0.8973934,13.205221121837553,0.4076197,5.918474786527213
test,6_10,6,10,2.8377469,3.625,"[-0.30063418, -0.36763325, -0.28702182, -0.28702182, -0.112345494, -0.112345494, -0.112345494, -0.10937761, -0.10937761, 0.0, -0.10937761, -0.10937761, 0.0, 0.0, 0.0, 0.0, 0.0, 0.0, 0.0, 0.0, 0.0, 0.0, 0.0, 0.0, 0.0, 0.0, 0.0, 0.0, 0.0, 0.0, 0.0]",0.884359,13.013418756182318,0.42208767,6.128543685620571
test,6_11,6,11,4.4379644,6.095,"[-0.3022556, -0.38002032, -0.38002032, -0.20229729, -0.21231815, -0.21231815, -0.21231815, -0.21231815, -0.21231815, -0.21231815, -0.10566491, 0.0, 0.0, -0.29226813, -0.29226813, -0.29226813, -0.29226813, -0.29226813, -0.29226813, 0.0, 0.0, 0.0, -0.20893396, -0.20893396, -0.20893396, -0.20893396, -0.20893396, -0.20893396, 0.0, 0.0, 0.0]",0.91021514,13.39389403938958,0.3742903,5.43454486937361
test,6_14,6,14,5.582329,9.588,"[-0.30508035, -0.36842197, -0.36842197, -0.36842197, -0.112345494, -0.112345494, -0.112345494, -0.112345494, -0.112345494, -0.112345494, -0.112345494, -0.112345494, -0.112345494, 0.0, 0.0, 0.0, 0.0, 0.0, 0.0, 0.0, 0.0, 0.0, 0.0, 0.0, 0.0, 0.0, 0.0, 0.0, 0.0, 0.0, 0.0]",0.89875436,13.225247660105651,0.37482798,5.442351963365013
test,6_15,6,15,5.1339893,8.733,"[-0.30088156, -0.36763325, -0.36763325, -0.2154287, -0.112345494, -0.112345494, -0.112345494, -0.112345494, -0.112345494, -0.112345494, -0.38735828, 0.0, 0.0, 0.0, 0.0, 0.0, 0.0, 0.0, 0.0, -0.3057205, -0.3057205, 0.0, 0.0, 0.0, 0.0, 0.0, 0.0, 0.0, -0.3025723, -0.3025723, -0.30217797]",0.9030247,13.28808571501213,0.37454283,5.4382117197495745
test,7_4,7,4,0.4229091,0.875,"[-0.29998866, -0.2948416, -0.2948416, -0.2866275, -0.20559366, -0.20559366, 0.0, -0.20559366, -0.20559366, 0.0, -0.10937761, -0.10937761, 0.0, -0.20185901, -0.20185901, 0.0, -0.20185901, -0.20185901, 0.0, 0.0, 0.0, 0.0, -0.20146465, 0.0, 0.0, -0.20146465, 0.0, 0.0, 0.0, 0.0, 0.0]",0.9364027,13.779245928946011,0.46126276,6.69735032776174
test,7_11,7,11,5.7013083,6.863,"[-0.3022556, -0.38002032, -0.38002032, -0.20229729, -0.21231815, -0.21231815, -0.21231815, -0.21231815, -0.21231815, -0.21231815, -0.10566491, 0.0, 0.0, -0.29226813, -0.29226813, -0.29226813, -0.29226813, -0.29226813, -0.29226813, 0.0, 0.0, 0.0, -0.20893396, -0.20893396, -0.20893396, -0.20893396, -0.20893396, -0.20893396, 0.0, 0.0, 0.0]",0.89828,13.218267797996532,0.3742903,5.43454486937361
test,7_16,7,16,11.589302,10.81,"[-0.30324775, -0.38002032, -0.38002032, -0.2154287, -0.21231815, -0.21231815, -0.21231815, -0.21231815, -0.21231815, -0.21231815, -0.38735828, 0.0, 0.0, -0.29226813, -0.29226813, -0.29226813, -0.29226813, -0.29226813, -0.29226813, -0.3057205, -0.3057205, 0.0, -0.20893396, -0.20893396, -0.20893396, -0.20893396, -0.20893396, -0.20893396, -0.3025723, -0.3025723, -0.30217797]",0.908872,13.37412975027587,0.3293016,4.781327106564504
test,8_1,8,1,0.31090656,0.016,"[-0.29069063, -0.2051993, -0.2051993, -0.2051993, -0.20146462, 0.0, 0.0, -0.20146462, 0.0, 0.0, -0.20146462, 0.0, 0.0, -0.19698514, 0.0, 0.0, -0.19698514, 0.0, 0.0, -0.19698514, 0.0, 0.0, -0.105270535, 0.0, 0.0, -0.105270535, 0.0, 0.0, -0.105270535, 0.0, 0.0]",0.9291204,13.672086889860338,0.48349938,7.020217065898493
test,8_5,8,5,0.42992797,0.602,"[-0.2991999, -0.2948416, -0.2866275, -0.2866275, -0.20559366, -0.20559366, 0.0, -0.10937761, -0.10937761, 0.0, -0.10937761, -0.10937761, 0.0, -0.20185901, -0.20185901, 0.0, 0.0, 0.0, 0.0, 0.0, 0.0, 0.0, -0.20146465, 0.0, 0.0, 0.0, 0.0, 0.0, 0.0, 0.0, 0.0]",0.9349332,13.757622214389812,0.46195722,6.707433517218988
test,8_13,8,13,2.9454367,4.328,"[-0.30285725, -0.3680276, -0.3680276, -0.28741622, -0.112345494, -0.112345494, -0.112345494, -0.112345494, -0.112345494, -0.112345494, -0.10937761, -0.10937761, 0.0, 0.0, 0.0, 0.0, 0.0, 0.0, 0.0, 0.0, 0.0, 0.0, 0.0, 0.0, 0.0, 0.0, 0.0, 0.0, 0.0, 0.0, 0.0]",0.89782655,13.211594916502918,0.40664047,5.9042565460677565
test,9_8,9,8,4.113145,4.961,"[-0.3033948, -0.38002032, -0.295236, -0.295236, -0.21231815, -0.21231815, -0.21231815, -0.20559366, -0.20559366, 0.0, -0.20559366, -0.20559366, 0.0, -0.29226813, -0.29226813, -0.29226813, -0.20185901, -0.20185901, 0.0, -0.20185901, 0.0, -0.20185901, -0.20893396, -0.20893396, -0.20893396, -0.20146465, 0.0, 0.0, -0.20146465, 0.0, 0.0]",0.91348433,13.442000533101691,0.37464735,5.439729260966061
test,9_13,9,13,4.14792,6.746,"[-0.30285725, -0.3680276, -0.3680276, -0.28741622, -0.112345494, -0.112345494, -0.112345494, -0.112345494, -0.112345494, -0.112345494, -0.10937761, -0.10937761, 0.0, 0.0, 0.0, 0.0, 0.0, 0.0, 0.0, 0.0, 0.0, 0.0, 0.0, 0.0, 0.0, 0.0, 0.0, 0.0, 0.0, 0.0, 0.0]",0.881515,12.971569404501679,0.40664047,5.9042565460677565
test,9_14,9,14,8.164286,8.891,"[-0.30508035, -0.36842197, -0.36842197, -0.36842197, -0.112345494, -0.112345494, -0.112345494, -0.112345494, -0.112345494, -0.112345494, -0.112345494, -0.112345494, -0.112345494, 0.0, 0.0, 0.0, 0.0, 0.0, 0.0, 0.0, 0.0, 0.0, 0.0, 0.0, 0.0, 0.0, 0.0, 0.0, 0.0, 0.0, 0.0]",0.8806412,12.958711302149368,0.37482798,5.442351963365013
test,10_17,10,17,16.492971,6.05,"[-0.30744654, -0.38080904, -0.38080904, -0.36842197, -0.21231815, -0.21231815, -0.21231815, -0.21231815, -0.21231815, -0.21231815, -0.112345494, -0.112345494, -0.112345494, -0.29226813, -0.29226813, -0.29226813, -0.29226813, -0.29226813, -0.29226813, 0.0, 0.0, 0.0, -0.20893396, -0.20893396, -0.20893396, -0.20893396, -0.20893396, -0.20893396, 0.0, 0.0, 0.0]",0.8917949,13.122838926773056,0.3295704,4.785230220842436
test,11_3,11,3,0.4670867,0.283,"[-0.30077738, -0.2948416, -0.2948416, -0.2948416, -0.20559366, -0.20559366, 0.0, -0.20559366, -0.20559366, 0.0, -0.20559366, -0.20559366, 0.0, -0.20185901, -0.20185901, 0.0, -0.20185901, -0.20185901, 0.0, -0.20185901, 0.0, -0.20185901, -0.20146465, 0.0, 0.0, -0.20146465, 0.0, 0.0, -0.20146465, 0.0, 0.0]",0.94556427,13.914059536051354,0.44718012,6.492876036706008
test,11_8,11,8,2.9395773,1.619,"[-0.3033948, -0.38002032, -0.295236, -0.295236, -0.21231815, -0.21231815, -0.21231815, -0.20559366, -0.20559366, 0.0, -0.20559366, -0.20559366, 0.0, -0.29226813, -0.29226813, -0.29226813, -0.20185901, -0.20185901, 0.0, -0.20185901, 0.0, -0.20185901, -0.20893396, -0.20893396, -0.20893396, -0.20146465, 0.0, 0.0, -0.20146465, 0.0, 0.0]",0.9294895,13.677517815492365,0.37464735,5.439729260966061
test,11_11,11,11,4.1691217,2.004,"[-0.3022556, -0.38002032, -0.38002032, -0.20229729, -0.21231815, -0.21231815, -0.21231815, -0.21231815, -0.21231815, -0.21231815, -0.10566491, 0.0, 0.0, -0.29226813, -0.29226813, -0.29226813, -0.29226813, -0.29226813, -0.29226813, 0.0, 0.0, 0.0, -0.20893396, -0.20893396, -0.20893396, -0.20893396, -0.20893396, -0.20893396, 0.0, 0.0, 0.0]",0.9131925,13.437706312834507,0.3742903,5.43454486937361
test,11_13,11,13,2.6531909,2.589,"[-0.30285725, -0.3680276, -0.3680276, -0.28741622, -0.112345494, -0.112345494, -0.112345494, -0.112345494, -0.112345494, -0.112345494, -0.10937761, -0.10937761, 0.0, 0.0, 0.0, 0.0, 0.0, 0.0, 0.0, 0.0, 0.0, 0.0, 0.0, 0.0, 0.0, 0.0, 0.0, 0.0, 0.0, 0.0, 0.0]",0.9028051,13.284854524762068,0.40664047,5.9042565460677565
test,11_16,11,16,8.73091,4.868,"[-0.30324775, -0.38002032, -0.38002032, -0.2154287, -0.21231815, -0.21231815, -0.21231815, -0.21231815, -0.21231815, -0.21231815, -0.38735828, 0.0, 0.0, -0.29226813, -0.29226813, -0.29226813, -0.29226813, -0.29226813, -0.29226813, -0.3057205, -0.3057205, 0.0, -0.20893396, -0.20893396, -0.20893396, -0.20893396, -0.20893396, -0.20893396, -0.3025723, -0.3025723, -0.30217797]",0.92236584,13.572692706172006,0.3293016,4.781327106564504
test,12_1,12,1,0.16632965,0.006,"[-0.29069063, -0.2051993, -0.2051993, -0.2051993, -0.20146462, 0.0, 0.0, -0.20146462, 0.0, 0.0, -0.20146462, 0.0, 0.0, -0.19698514, 0.0, 0.0, -0.19698514, 0.0, 0.0, -0.19698514, 0.0, 0.0, -0.105270535, 0.0, 0.0, -0.105270535, 0.0, 0.0, -0.105270535, 0.0, 0.0]",0.95892346,14.110641151346272,0.48349938,7.020217065898493
test,12_6,12,6,0.44373363,0.306,"[-0.29841116, -0.2866275, -0.2866275, -0.2866275, -0.10937761, -0.10937761, 0.0, -0.10937761, -0.10937761, 0.0, -0.10937761, -0.10937761, 0.0, 0.0, 0.0, 0.0, 0.0, 0.0, 0.0, 0.0, 0.0, 0.0, 0.0, 0.0, 0.0, 0.0, 0.0, 0.0, 0.0, 0.0, 0.0]",0.9323038,13.718930377611514,0.46309578,6.723965066872438
test,12_9,12,9,1.2261976,1.238,"[-0.3022117, -0.36763325, -0.295236, -0.295236, -0.112345494, -0.112345494, -0.112345494, -0.20559366, -0.20559366, 0.0, -0.20559366, -0.20559366, 0.0, 0.0, 0.0, 0.0, -0.20185901, -0.20185901, 0.0, -0.20185901, 0.0, -0.20185901, 0.0, 0.0, 0.0, -0.20146465, 0.0, 0.0, -0.20146465, 0.0, 0.0]",0.9386137,13.811781488752217,0.4076197,5.918474786527213
test,12_15,12,15,2.2595294,3.187,"[-0.30088156, -0.36763325, -0.36763325, -0.2154287, -0.112345494, -0.112345494, -0.112345494, -0.112345494, -0.112345494, -0.112345494, -0.38735828, 0.0, 0.0, 0.0, 0.0, 0.0, 0.0, 0.0, 0.0, -0.3057205, -0.3057205, 0.0, 0.0, 0.0, 0.0, 0.0, 0.0, 0.0, -0.3025723, -0.3025723, -0.30217797]",0.94212854,13.863502459940037,0.37454283,5.4382117197495745
test,12_16,12,16,4.6464515,3.759,"[-0.30324775, -0.38002032, -0.38002032, -0.2154287, -0.21231815, -0.21231815, -0.21231815, -0.21231815, -0.21231815, -0.21231815, -0.38735828, 0.0, 0.0, -0.29226813, -0.29226813, -0.29226813, -0.29226813, -0.29226813, -0.29226813, -0.3057205, -0.3057205, 0.0, -0.20893396, -0.20893396, -0.20893396, -0.20893396, -0.20893396, -0.20893396, -0.3025723, -0.3025723, -0.30217797]",0.9524189,14.01492634960664,0.3293016,4.781327106564504
test,12_17,12,17,4.8405485,3.418,"[-0.30744654, -0.38080904, -0.38080904, -0.36842197, -0.21231815, -0.21231815, -0.21231815, -0.21231815, -0.21231815, -0.21231815, -0.112345494, -0.112345494, -0.112345494, -0.29226813, -0.29226813, -0.29226813, -0.29226813, -0.29226813, -0.29226813, 0.0, 0.0, 0.0, -0.20893396, -0.20893396, -0.20893396, -0.20893396, -0.20893396, -0.20893396, 0.0, 0.0, 0.0]",0.95020384,13.982331147852278,0.3295704,4.785230220842436
test,13_2,13,2,0.4025879,0.094,"[-0.2980129, -0.2944472, -0.2944472, -0.21463995, -0.20559366, -0.20559366, 0.0, -0.20559366, -0.20559366, 0.0, -0.38735828, 0.0, 0.0, -0.20185901, -0.20185901, 0.0, -0.20185901, -0.20185901, 0.0, -0.3057205, -0.3057205, 0.0, -0.20146465, 0.0, 0.0, -0.20146465, 0.0, 0.0, -0.3025723, -0.3025723, -0.30217797]",0.971606,14.29726606964914,0.42796332,6.213855724683924
test,14_7,14,7,0.20891003,0.415,"[-0.29959428, -0.29034016, -0.29034016, -0.29034016, -0.2007198, -0.10977198, 0.0, -0.2007198, -0.10977198, 0.0, -0.2007198, -0.10977198, 0.0, -0.10566491, 0.0, 0.0, -0.10566491, 0.0, 0.0, -0.10566491, 0.0, 0.0, 0.0, 0.0, 0.0, 0.0, 0.0, 0.0, 0.0, 0.0, 0.0]",0.96906865,14.259928455928957,0.46221143,6.7111245997900255
test,14_11,14,11,1.6762533,1.215,"[-0.3022556, -0.38002032, -0.38002032, -0.20229729, -0.21231815, -0.21231815, -0.21231815, -0.21231815, -0.21231815, -0.21231815, -0.10566491, 0.0, 0.0, -0.29226813, -0.29226813, -0.29226813, -0.29226813, -0.29226813, -0.29226813, 0.0, 0.0, 0.0, -0.20893396, -0.20893396, -0.20893396, -0.20893396, -0.20893396, -0.20893396, 0.0, 0.0, 0.0]",0.95660436,14.076515431951748,0.3742903,5.43454486937361
test,15_4,15,4,0.18086518,0.155,"[-0.29998866, -0.2948416, -0.2948416, -0.2866275, -0.20559366, -0.20559366, 0.0, -0.20559366, -0.20559366, 0.0, -0.10937761, -0.10937761, 0.0, -0.20185901, -0.20185901, 0.0, -0.20185901, -0.20185901, 0.0, 0.0, 0.0, 0.0, -0.20146465, 0.0, 0.0, -0.20146465, 0.0, 0.0, 0.0, 0.0, 0.0]",0.976873,14.37476990418952,0.46126276,6.69735032776174
test,15_6,15,6,0.29561,0.23,"[-0.29841116, -0.2866275, -0.2866275, -0.2866275, -0.10937761, -0.10937761, 0.0, -0.10937761, -0.10937761, 0.0, -0.10937761, -0.10937761, 0.0, 0.0, 0.0, 0.0, 0.0, 0.0, 0.0, 0.0, 0.0, 0.0, 0.0, 0.0, 0.0, 0.0, 0.0, 0.0, 0.0, 0.0, 0.0]",0.9516566,14.0037084008286,0.46309578,6.723965066872438
test,15_11,15,11,1.4959666,1.041,"[-0.3022556, -0.38002032, -0.38002032, -0.20229729, -0.21231815, -0.21231815, -0.21231815, -0.21231815, -0.21231815, -0.21231815, -0.10566491, 0.0, 0.0, -0.29226813, -0.29226813, -0.29226813, -0.29226813, -0.29226813, -0.29226813, 0.0, 0.0, 0.0, -0.20893396, -0.20893396, -0.20893396, -0.20893396, -0.20893396, -0.20893396, 0.0, 0.0, 0.0]",0.9620259,14.156293554309286,0.3742903,5.43454486937361
test,15_14,15,14,1.6486452,2.035,"[-0.30508035, -0.36842197, -0.36842197, -0.36842197, -0.112345494, -0.112345494, -0.112345494, -0.112345494, -0.112345494, -0.112345494, -0.112345494, -0.112345494, -0.112345494, 0.0, 0.0, 0.0, 0.0, 0.0, 0.0, 0.0, 0.0, 0.0, 0.0, 0.0, 0.0, 0.0, 0.0, 0.0, 0.0, 0.0, 0.0]",0.9568652,14.080353566733038,0.37482798,5.442351963365013
test,16_6,16,6,0.5068283,0.306,"[-0.29841116, -0.2866275, -0.2866275, -0.2866275, -0.10937761, -0.10937761, 0.0, -0.10937761, -0.10937761, 0.0, -0.10937761, -0.10937761, 0.0, 0.0, 0.0, 0.0, 0.0, 0.0, 0.0, 0.0, 0.0, 0.0, 0.0, 0.0, 0.0, 0.0, 0.0, 0.0, 0.0, 0.0, 0.0]",0.9259695,13.625720537694406,0.46309578,6.723965066872438
test,16_11,16,11,2.3010685,1.452,"[-0.3022556, -0.38002032, -0.38002032, -0.20229729, -0.21231815, -0.21231815, -0.21231815, -0.21231815, -0.21231815, -0.21231815, -0.10566491, 0.0, 0.0, -0.29226813, -0.29226813, -0.29226813, -0.29226813, -0.29226813, -0.29226813, 0.0, 0.0, 0.0, -0.20893396, -0.20893396, -0.20893396, -0.20893396, -0.20893396, -0.20893396, 0.0, 0.0, 0.0]",0.9415097,13.854396537796674,0.3742903,5.43454486937361
test,16_12,16,12,1.840983,1.092,"[-0.30364603, -0.3680276, -0.3680276, -0.2956303, -0.112345494, -0.112345494, -0.112345494, -0.112345494, -0.112345494, -0.112345494, -0.20559366, -0.20559366, 0.0, 0.0, 0.0, 0.0, 0.0, 0.0, 0.0, -0.20185901, 0.0, -0.20185901, 0.0, 0.0, 0.0, 0.0, 0.0, 0.0, -0.20146465, 0.0, 0.0]",0.93366826,13.739008664040512,0.39300895,5.706332303883983
test,16_13,16,13,1.3708477,1.633,"[-0.30285725, -0.3680276, -0.3680276, -0.28741622, -0.112345494, -0.112345494, -0.112345494, -0.112345494, -0.112345494, -0.112345494, -0.10937761, -0.10937761, 0.0, 0.0, 0.0, 0.0, 0.0, 0.0, 0.0, 0.0, 0.0, 0.0, 0.0, 0.0, 0.0, 0.0, 0.0, 0.0, 0.0, 0.0, 0.0]",0.93426704,13.747819884792989,0.40664047,5.9042565460677565
test,17_14,17,14,1.3585773,1.92,"[-0.30508035, -0.36842197, -0.36842197, -0.36842197, -0.112345494, -0.112345494, -0.112345494, -0.112345494, -0.112345494, -0.112345494, -0.112345494, -0.112345494, -0.112345494, 0.0, 0.0, 0.0, 0.0, 0.0, 0.0, 0.0, 0.0, 0.0, 0.0, 0.0, 0.0, 0.0, 0.0, 0.0, 0.0, 0.0, 0.0]",0.9660854,14.216029350824215,0.37482798,5.442351963365013
test,18_10,18,10,0.69905025,0.758,"[-0.30063418, -0.36763325, -0.28702182, -0.28702182, -0.112345494, -0.112345494, -0.112345494, -0.10937761, -0.10937761, 0.0, -0.10937761, -0.10937761, 0.0, 0.0, 0.0, 0.0, 0.0, 0.0, 0.0, 0.0, 0.0, 0.0, 0.0, 0.0, 0.0, 0.0, 0.0, 0.0, 0.0, 0.0, 0.0]",0.9511124,13.995700592201274,0.42208767,6.128543685620571
test,18_14,18,14,1.6235312,1.583,"[-0.30508035, -0.36842197, -0.36842197, -0.36842197, -0.112345494, -0.112345494, -0.112345494, -0.112345494, -0.112345494, -0.112345494, -0.112345494, -0.112345494, -0.112345494, 0.0, 0.0, 0.0, 0.0, 0.0, 0.0, 0.0, 0.0, 0.0, 0.0, 0.0, 0.0, 0.0, 0.0, 0.0, 0.0, 0.0, 0.0]",0.9575965,14.09111455293771,0.37482798,5.442351963365013
test,19_3,19,3,0.24011207,0.135,"[-0.30077738, -0.2948416, -0.2948416, -0.2948416, -0.20559366, -0.20559366, 0.0, -0.20559366, -0.20559366, 0.0, -0.20559366, -0.20559366, 0.0, -0.20185901, -0.20185901, 0.0, -0.20185901, -0.20185901, 0.0, -0.20185901, 0.0, -0.20185901, -0.20146465, 0.0, 0.0, -0.20146465, 0.0, 0.0, -0.20146465, 0.0, 0.0]",0.9772681,14.380584117047192,0.44718012,6.492876036706008
test,19_6,19,6,0.28800043,0.2,"[-0.29841116, -0.2866275, -0.2866275, -0.2866275, -0.10937761, -0.10937761, 0.0, -0.10937761, -0.10937761, 0.0, -0.10937761, -0.10937761, 0.0, 0.0, 0.0, 0.0, 0.0, 0.0, 0.0, 0.0, 0.0, 0.0, 0.0, 0.0, 0.0, 0.0, 0.0, 0.0, 0.0, 0.0, 0.0]",0.9528992,14.021993920463046,0.46309578,6.723965066872438
test,19_8,19,8,1.2492452,0.635,"[-0.3033948, -0.38002032, -0.295236, -0.295236, -0.21231815, -0.21231815, -0.21231815, -0.20559366, -0.20559366, 0.0, -0.20559366, -0.20559366, 0.0, -0.29226813, -0.29226813, -0.29226813, -0.20185901, -0.20185901, 0.0, -0.20185901, 0.0, -0.20185901, -0.20893396, -0.20893396, -0.20893396, -0.20146465, 0.0, 0.0, -0.20146465, 0.0, 0.0]",0.97026086,14.277471959561353,0.37464735,5.439729260966061
test,19_9,19,9,0.8270452,0.864,"[-0.3022117, -0.36763325, -0.295236, -0.295236, -0.112345494, -0.112345494, -0.112345494, -0.20559366, -0.20559366, 0.0, -0.20559366, -0.20559366, 0.0, 0.0, 0.0, 0.0, -0.20185901, -0.20185901, 0.0, -0.20185901, 0.0, -0.20185901, 0.0, 0.0, 0.0, -0.20146465, 0.0, 0.0, -0.20146465, 0.0, 0.0]",0.9573772,14.087887748125013,0.4076197,5.918474786527213
test,19_15,19,15,1.5572572,2.653,"[-0.30088156, -0.36763325, -0.36763325, -0.2154287, -0.112345494, -0.112345494, -0.112345494, -0.112345494, -0.112345494, -0.112345494, -0.38735828, 0.0, 0.0, 0.0, 0.0, 0.0, 0.0, 0.0, 0.0, -0.3057205, -0.3057205, 0.0, 0.0, 0.0, 0.0, 0.0, 0.0, 0.0, -0.3025723, -0.3025723, -0.30217797]",0.9598636,14.12447545205589,0.37454283,5.4382117197495745
test,20_1,20,1,0.08423776,0.002,"[-0.29069063, -0.2051993, -0.2051993, -0.2051993, -0.20146462, 0.0, 0.0, -0.20146462, 0.0, 0.0, -0.20146462, 0.0, 0.0, -0.19698514, 0.0, 0.0, -0.19698514, 0.0, 0.0, -0.19698514, 0.0, 0.0, -0.105270535, 0.0, 0.0, -0.105270535, 0.0, 0.0, -0.105270535, 0.0, 0.0]",0.99133813,14.587625877543587,0.48349938,7.020217065898493
test,20_5,20,5,0.1295347,0.07,"[-0.2991999, -0.2948416, -0.2866275, -0.2866275, -0.20559366, -0.20559366, 0.0, -0.10937761, -0.10937761, 0.0, -0.10937761, -0.10937761, 0.0, -0.20185901, -0.20185901, 0.0, 0.0, 0.0, 0.0, 0.0, 0.0, 0.0, -0.20146465, 0.0, 0.0, 0.0, 0.0, 0.0, 0.0, 0.0, 0.0]",0.9920919,14.598717525725533,0.46195722,6.707433517218988
test,20_6,20,6,0.14557868,0.082,"[-0.29841116, -0.2866275, -0.2866275, -0.2866275, -0.10937761, -0.10937761, 0.0, -0.10937761, -0.10937761, 0.0, -0.10937761, -0.10937761, 0.0, 0.0, 0.0, 0.0, 0.0, 0.0, 0.0, 0.0, 0.0, 0.0, 0.0, 0.0, 0.0, 0.0, 0.0, 0.0, 0.0, 0.0, 0.0]",0.9854051,14.500320590493857,0.46309578,6.723965066872438
test,20_13,20,13,0.45196536,0.697,"[-0.30285725, -0.3680276, -0.3680276, -0.28741622, -0.112345494, -0.112345494, -0.112345494, -0.112345494, -0.112345494, -0.112345494, -0.10937761, -0.10937761, 0.0, 0.0, 0.0, 0.0, 0.0, 0.0, 0.0, 0.0, 0.0, 0.0, 0.0, 0.0, 0.0, 0.0, 0.0, 0.0, 0.0, 0.0, 0.0]",0.98713344,14.525753495944741,0.40664047,5.9042565460677565
test,20_16,20,16,2.1152515,0.896,"[-0.30324775, -0.38002032, -0.38002032, -0.2154287, -0.21231815, -0.21231815, -0.21231815, -0.21231815, -0.21231815, -0.21231815, -0.38735828, 0.0, 0.0, -0.29226813, -0.29226813, -0.29226813, -0.29226813, -0.29226813, -0.29226813, -0.3057205, -0.3057205, 0.0, -0.20893396, -0.20893396, -0.20893396, -0.20893396, -0.20893396, -0.20893396, -0.3025723, -0.3025723, -0.30217797]",0.9899125,14.566647699367422,0.3293016,4.781327106564504
