{
    "train": {
        "R_square": -0.17177120117866096,
        "MAE": 3.500220537185669,
        "MAPE": 1147.4287109375,
        "RMS": 7.059231758117676
    },
    "valid": {
        "R_square": -0.1817777041000792,
        "MAE": 3.2325081825256348,
        "MAPE": 361.30694580078125,
        "RMS": 6.0160322189331055
    },
    "test": {
        "R_square": -0.19306169837862597,
        "MAE": 3.508453369140625,
        "MAPE": 1710.8623046875,
        "RMS": 6.673842430114746
    }
}