{
    "train": {
        "R_square": -0.17278656243125967,
        "MAE": 3.5022571086883545,
        "MAPE": 1164.49951171875,
        "RMS": 7.062289714813232
    },
    "valid": {
        "R_square": -0.1828616994423744,
        "MAE": 3.2323977947235107,
        "MAPE": 359.5987243652344,
        "RMS": 6.0187907218933105
    },
    "test": {
        "R_square": -0.19423951530567507,
        "MAE": 3.511288642883301,
        "MAPE": 1764.2557373046875,
        "RMS": 6.677135944366455
    }
}