{
    "train": {
        "R_square": -0.1717410343071859,
        "MAE": 3.500220537185669,
        "MAPE": 1147.630126953125,
        "RMS": 7.059141159057617
    },
    "valid": {
        "R_square": -0.18174113498374767,
        "MAE": 3.232515573501587,
        "MAPE": 361.3708190917969,
        "RMS": 6.015938758850098
    },
    "test": {
        "R_square": -0.19302756405253718,
        "MAE": 3.508439540863037,
        "MAPE": 1711.16162109375,
        "RMS": 6.6737470626831055
    }
}