{
    "train": {
        "R_square": -0.17174988260114876,
        "MAE": 3.500220537185669,
        "MAPE": 1147.571044921875,
        "RMS": 7.059167861938477
    },
    "valid": {
        "R_square": -0.18175186113013697,
        "MAE": 3.232513189315796,
        "MAPE": 361.3520812988281,
        "RMS": 6.015965938568115
    },
    "test": {
        "R_square": -0.19303757611922268,
        "MAE": 3.508443593978882,
        "MAPE": 1711.073486328125,
        "RMS": 6.6737751960754395
    }
}