{
    "train": {
        "R_square": -0.17281867702748976,
        "MAE": 3.502384901046753,
        "MAPE": 1164.676513671875,
        "RMS": 7.062386512756348
    },
    "valid": {
        "R_square": -0.18289522484483767,
        "MAE": 3.2324390411376953,
        "MAPE": 359.62738037109375,
        "RMS": 6.018876075744629
    },
    "test": {
        "R_square": -0.1942708070315886,
        "MAE": 3.511361598968506,
        "MAPE": 1760.7530517578125,
        "RMS": 6.6772236824035645
    }
}