{
    "train": {
        "R_square": 0.9064062322519915,
        "MAE": 1.0254228115081787,
        "MAPE": 168.2151641845703,
        "RMS": 1.950369119644165
    },
    "valid": {
        "R_square": 0.8020549209770063,
        "MAE": 1.3923053741455078,
        "MAPE": 148.4512481689453,
        "RMS": 2.677438497543335
    },
    "test": {
        "R_square": 0.8922112198666068,
        "MAE": 1.1535065174102783,
        "MAPE": 235.33050537109375,
        "RMS": 2.0060017108917236
    }
}