{
    "train": {
        "R_square": -0.1717695648120907,
        "MAE": 3.500220537185669,
        "MAPE": 1147.439697265625,
        "RMS": 7.059226989746094
    },
    "valid": {
        "R_square": -0.18177572059417613,
        "MAE": 3.232508897781372,
        "MAPE": 361.3103942871094,
        "RMS": 6.016026496887207
    },
    "test": {
        "R_square": -0.19305984704110624,
        "MAE": 3.5084526538848877,
        "MAPE": 1710.87841796875,
        "RMS": 6.673837184906006
    }
}