{
    "train": {
        "R_square": 0.9090957099055568,
        "MAE": 0.9702199101448059,
        "MAPE": 86.83958435058594,
        "RMS": 1.7701952457427979
    },
    "valid": {
        "R_square": 0.8151658273815573,
        "MAE": 1.4518964290618896,
        "MAPE": 76.08722686767578,
        "RMS": 3.1820309162139893
    },
    "test": {
        "R_square": 0.8031744667550013,
        "MAE": 1.3527991771697998,
        "MAPE": 92.71186065673828,
        "RMS": 2.710723638534546
    }
}