{
    "train": {
        "R_square": -0.17176430694052636,
        "MAE": 3.500220537185669,
        "MAPE": 1147.474609375,
        "RMS": 7.059210777282715
    },
    "valid": {
        "R_square": -0.18176934663519728,
        "MAE": 3.2325100898742676,
        "MAPE": 361.321533203125,
        "RMS": 6.016010761260986
    },
    "test": {
        "R_square": -0.1930538973717233,
        "MAE": 3.5084502696990967,
        "MAPE": 1710.9306640625,
        "RMS": 6.673820972442627
    }
}