{
    "train": {
        "R_square": 0.9422670077733976,
        "MAE": 0.8289197087287903,
        "MAPE": 48.009071350097656,
        "RMS": 1.5669244527816772
    },
    "valid": {
        "R_square": 0.887732078052904,
        "MAE": 1.0509909391403198,
        "MAPE": 61.041439056396484,
        "RMS": 1.8542577028274536
    },
    "test": {
        "R_square": 0.8790684617890256,
        "MAE": 1.1427605152130127,
        "MAPE": 51.10729217529297,
        "RMS": 2.124781608581543
    }
}