{
    "train": {
        "R_square": -0.17285200688057878,
        "MAE": 3.501528024673462,
        "MAPE": 1155.001220703125,
        "RMS": 7.06248664855957
    },
    "valid": {
        "R_square": -0.18300083535482714,
        "MAE": 3.2324109077453613,
        "MAPE": 359.426513671875,
        "RMS": 6.019144535064697
    },
    "test": {
        "R_square": -0.19430037872245687,
        "MAE": 3.5104336738586426,
        "MAPE": 1738.4588623046875,
        "RMS": 6.677305698394775
    }
}