{
    "train": {
        "R_square": -0.17175250371997142,
        "MAE": 3.500220775604248,
        "MAPE": 1147.553466796875,
        "RMS": 7.059175968170166
    },
    "valid": {
        "R_square": -0.18175503836665263,
        "MAE": 3.232512950897217,
        "MAPE": 361.3465270996094,
        "RMS": 6.015974521636963
    },
    "test": {
        "R_square": -0.19304054172802143,
        "MAE": 3.5084445476531982,
        "MAPE": 1711.047607421875,
        "RMS": 6.673783302307129
    }
}