{
    "train": {
        "R_square": 0.9297365152339662,
        "MAE": 0.9407730102539062,
        "MAPE": 124.74930572509766,
        "RMS": 1.6898889541625977
    },
    "valid": {
        "R_square": 0.8192956046221291,
        "MAE": 1.4338406324386597,
        "MAPE": 102.39012145996094,
        "RMS": 2.55818247795105
    },
    "test": {
        "R_square": 0.9053835010135217,
        "MAE": 1.0071325302124023,
        "MAPE": 157.33795166015625,
        "RMS": 1.8794376850128174
    }
}