{
    "train": {
        "R_square": -0.17277446935788854,
        "MAE": 3.50229549407959,
        "MAPE": 1165.811767578125,
        "RMS": 7.062252998352051
    },
    "valid": {
        "R_square": -0.18284244987418896,
        "MAE": 3.2323851585388184,
        "MAPE": 359.5969543457031,
        "RMS": 6.018741607666016
    },
    "test": {
        "R_square": -0.19423818408578963,
        "MAE": 3.5114786624908447,
        "MAPE": 1775.74267578125,
        "RMS": 6.677132606506348
    }
}