{
    "train": {
        "R_square": 0.8980795559051913,
        "MAE": 1.110411524772644,
        "MAPE": 116.25442504882812,
        "RMS": 2.0345048904418945
    },
    "valid": {
        "R_square": 0.8176933922009975,
        "MAE": 1.293633222579956,
        "MAPE": 204.01463317871094,
        "RMS": 2.572132110595703
    },
    "test": {
        "R_square": 0.8850301066280568,
        "MAE": 1.1612493991851807,
        "MAPE": 179.89491271972656,
        "RMS": 2.071746349334717
    }
}