{
    "train": {
        "R_square": 0.8957608271386092,
        "MAE": 1.117482304573059,
        "MAPE": 121.87444305419922,
        "RMS": 2.0575175285339355
    },
    "valid": {
        "R_square": 0.8001605026363173,
        "MAE": 1.3602601289749146,
        "MAPE": 214.90420532226562,
        "RMS": 2.6929776668548584
    },
    "test": {
        "R_square": 0.875460801696748,
        "MAE": 1.2162894010543823,
        "MAPE": 186.23831176757812,
        "RMS": 2.1562421321868896
    }
}