{
    "train": {
        "R_square": 0.9363703178492814,
        "MAE": 0.8761534690856934,
        "MAPE": 133.8512725830078,
        "RMS": 1.6081374883651733
    },
    "valid": {
        "R_square": 0.8367370866572661,
        "MAE": 1.323227882385254,
        "MAPE": 112.72914123535156,
        "RMS": 2.431593179702759
    },
    "test": {
        "R_square": 0.9100829963796047,
        "MAE": 0.9986757636070251,
        "MAPE": 173.40304565429688,
        "RMS": 1.8321685791015625
    }
}